0.599953040218406;-0.4998367777989734;0.6003241905629368;334.7162684;0.2;0.01;0.03;0.0001;0.01;0.3;45
0.5999704171765547;-0.49985065854961913;0.6003073448606696;334.8143188;0.2;0.01;0.03;0.0001;0.01;0.3;45
0.5999574539782977;-0.4998562341846433;0.60032009934644;334.9138871;0.2;0.01;0.03;0.0001;0.01;0.3;45
0.5999602940352249;-0.49985106127905826;0.6003152796617577;335.0155369;0.2;0.01;0.03;0.0001;0.01;0.3;45
0.5999400992066675;-0.49986641576021656;0.6003535306587421;335.1166184;0.2;0.01;0.03;0.0001;0.01;0.3;45
0.5999584784314911;-0.49986787823960055;0.6002885470538878;335.2144027;0.2;0.01;0.03;0.0001;0.01;0.3;45
0.5999471722086575;-0.499868483115247;0.6003434670813443;335.3154736;0.2;0.01;0.03;0.0001;0.01;0.3;45
0.5999610810512255;-0.4998549964267203;0.6003085987036997;335.4154882;0.2;0.01;0.03;0.0001;0.01;0.3;45
0.5999777705841006;-0.49989010253433586;0.6002911083025413;335.5153173;0.2;0.01;0.03;0.0001;0.01;0.3;45
0.5999953977417278;-0.4998900047520561;0.6002176077260115;335.6149902;0.2;0.01;0.03;0.0001;0.01;0.3;45
0.5999963122470865;-0.4999259510867145;0.600210264699713;335.7341498;0.2;0.01;0.03;0.0001;0.01;0.3;45
0.5999987282770234;-0.4999541395265222;0.6001797124683516;335.8202489;0.2;0.01;0.03;0.0001;0.01;0.3;45
0.6000222136166751;-0.49990786683739824;0.6001259928734902;335.9154725;0.2;0.01;0.03;0.0001;0.01;0.3;45
0.5999769269774956;-0.49995292480538417;0.6000596485206788;336.0195531;0.2;0.01;0.03;0.0001;0.01;0.3;45
0.6000204751438303;-0.4999151513530069;0.5999882736247247;336.1172373;0.2;0.01;0.03;0.0001;0.01;0.3;45
0.5999833511012904;-0.49995152782982344;0.600044772170836;336.2160255;0.2;0.01;0.03;0.0001;0.01;0.3;45
0.6000396663833175;-0.499927243506965;0.5999922235020075;336.3167157;0.2;0.01;0.03;0.0001;0.01;0.3;45
0.5999963208871848;-0.4999434778144656;0.6000205187815363;336.4169987;0.2;0.01;0.03;0.0001;0.01;0.3;45
0.6000069576272228;-0.4999416720619106;0.5999886068980161;336.5175943;0.2;0.01;0.03;0.0001;0.01;0.3;45
0.6000199787149838;-0.4999605967877044;0.5999947839635281;336.6172962;0.2;0.01;0.03;0.0001;0.01;0.3;45
0.6000286888402947;-0.4999676433049715;0.5999911019643971;336.7206921;0.2;0.01;0.03;0.0001;0.01;0.3;45
0.6000067459166134;-0.4999608524361704;0.5999859024288853;336.8193331;0.2;0.01;0.03;0.0001;0.01;0.3;45
0.6000388517535438;-0.4999404133809001;0.6000032240581167;336.9173425;0.2;0.01;0.03;0.0001;0.01;0.3;45
0.600021914832845;-0.49995883155891707;0.6000424682905257;337.0191197;0.2;0.01;0.03;0.0001;0.01;0.3;45
0.6000245626562539;-0.4999607048281691;0.599965977336885;337.1192567;0.2;0.01;0.03;0.0001;0.01;0.3;45
0.600011364172937;-0.4999854025175522;0.5999745053652261;337.2184318;0.2;0.01;0.03;0.0001;0.01;0.3;45
0.6000137869043132;-0.4999479903603545;0.6000083891124205;337.3183331;0.2;0.01;0.03;0.0001;0.01;0.3;45
0.6000060126116298;-0.49996439879539234;0.6000236777196315;337.4197545;0.2;0.01;0.03;0.0001;0.01;0.3;45
0.6000057238599993;-0.49999089014397546;0.6000096572969207;337.522525;0.2;0.01;0.03;0.0001;0.01;0.3;45
0.6000277469063543;-0.4999832244706345;0.5999843492199362;337.6208665;0.2;0.01;0.03;0.0001;0.01;0.3;45
0.6000307996498805;-0.49993917274376937;0.600000793626744;337.7197875;0.2;0.01;0.03;0.0001;0.01;0.3;45
0.6000390291787159;-0.4999578058973134;0.5999530253294092;337.8196471;0.2;0.01;0.03;0.0001;0.01;0.3;45
0.6000212773521244;-0.49998939621277755;0.600003269655867;337.9203753;0.2;0.01;0.03;0.0001;0.01;0.3;45
0.6000282104607528;-0.4999717375988162;0.5999984926636512;338.024135;0.2;0.01;0.03;0.0001;0.01;0.3;45
0.6000160810862337;-0.500010584737844;0.5999323854892813;338.1209894;0.2;0.01;0.03;0.0001;0.01;0.3;45
0.6000371908495085;-0.49995950018792606;0.6000183424882513;338.2214635;0.2;0.01;0.03;0.0001;0.01;0.3;45
0.6000365067309054;-0.4999977197702467;0.5999594697793387;338.3450054;0.2;0.01;0.03;0.0001;0.01;0.3;45
0.6000032352839683;-0.4999940697454778;0.600042050347133;338.4740297;0.2;0.01;0.03;0.0001;0.01;0.3;45
0.6000455822266442;-0.4999928653019529;0.5999988054526205;338.5224701;0.2;0.01;0.03;0.0001;0.01;0.3;45
0.6000176545666971;-0.4999956653928736;0.5999475266710135;338.6332183;0.2;0.01;0.03;0.0001;0.01;0.3;45
0.6000468616865849;-0.49996572861543964;0.5999797091557034;338.7285801;0.2;0.01;0.03;0.0001;0.01;0.3;45
0.6000418554240332;-0.4999697886515942;0.6000094245855231;338.8321406;0.2;0.01;0.03;0.0001;0.01;0.3;45
0.6000155866751332;-0.49996785840097047;0.6000039175246613;338.9216717;0.2;0.01;0.03;0.0001;0.01;0.3;45
0.6000386025787491;-0.49998887793269325;0.5999908456200158;339.0225743;0.2;0.01;0.03;0.0001;0.01;0.3;45
0.6000459961606113;-0.4999741733462234;0.5999612321044;339.1320645;0.2;0.01;0.03;0.0001;0.01;0.3;45
0.6000231190936556;-0.500009603028697;0.5999892538707535;339.2243039;0.2;0.01;0.03;0.0001;0.01;0.3;45
0.600022568487851;-0.5000012492058862;0.5999945088445565;339.3296278;0.2;0.01;0.03;0.0001;0.01;0.3;45
0.6000333217550594;-0.49999963465303193;0.5999622436553905;339.4239654;0.2;0.01;0.03;0.0001;0.01;0.3;45
0.6000055637545276;-0.4999807770639651;0.6000197083042006;339.526007;0.2;0.01;0.03;0.0001;0.01;0.3;45
0.6000227845010115;-0.4999895445058415;0.6000332303277603;339.6232778;0.2;0.01;0.03;0.0001;0.01;0.3;45
0.5999967798715573;-0.5000076070096745;0.5999871461249248;339.7289838;0.2;0.01;0.03;0.0001;0.01;0.3;45
0.6000199700858849;-0.4999970852206488;0.6000230022971506;339.8288923;0.2;0.01;0.03;0.0001;0.01;0.3;45
0.6000054658187749;-0.5000050081811085;0.5999820961837432;339.9254454;0.2;0.01;0.03;0.0001;0.01;0.3;45
0.6000397816022387;-0.49998082841421415;0.5999956908214452;340.0248935;0.2;0.01;0.03;0.0001;0.01;0.3;45
0.6000359985839492;-0.4999867239056703;0.6001166605175944;340.1256882;0.2;0.01;0.03;0.0001;0.01;0.3;45
0.6000118331394646;-0.5000590164644373;0.6000732803865381;340.2255191;0.2;0.01;0.03;0.0001;0.01;0.3;45
0.6000085521452833;-0.500024212371161;0.6001345722062426;340.3413561;0.2;0.01;0.03;0.0001;0.01;0.3;45
0.600016357574548;-0.5000326178797334;0.6000402323950684;340.4283947;0.2;0.01;0.03;0.0001;0.01;0.3;45
0.6000083096793499;-0.5000142315130062;0.6000843266271728;340.525876;0.2;0.01;0.03;0.0001;0.01;0.3;45
0.6000016784065415;-0.5000083679187434;0.600084589272815;340.6264374;0.2;0.01;0.03;0.0001;0.01;0.3;45
0.5999568576040053;-0.5000782323050843;0.6000330743784331;340.727058;0.2;0.01;0.03;0.0001;0.01;0.3;45
0.599885826124455;-0.500151465491601;0.5998821021962412;340.8261838;0.2;0.01;0.03;0.0001;0.01;0.3;45
0.5998768371607419;-0.500153613796277;0.5998912550100498;340.9793831;0.2;0.01;0.03;0.0001;0.01;0.3;45
0.5998791349870728;-0.5001402508169435;0.5999185720201268;341.118026;0.2;0.01;0.03;0.0001;0.01;0.3;45
0.5998979672565414;-0.5001126254958448;0.599948208513589;341.1263669;0.2;0.01;0.03;0.0001;0.01;0.3;45
0.5998979951763261;-0.5001688653161376;0.5999086687883886;341.2284807;0.2;0.01;0.03;0.0001;0.01;0.3;45
0.5999067726563625;-0.5001098850649164;0.5999431586709572;341.327323;0.2;0.01;0.03;0.0001;0.01;0.3;45
0.5999023802393787;-0.500107564451042;0.5999524477192828;341.4343825;0.2;0.01;0.03;0.0001;0.01;0.3;45
0.5999185961068549;-0.5001100533256452;0.5999330105926673;341.5315318;0.2;0.01;0.03;0.0001;0.01;0.3;45
0.5999536231448533;-0.5000610038367843;0.5999535137689944;341.6815153;0.2;0.01;0.03;0.0001;0.01;0.3;45
0.5999585627709215;-0.5000690376251979;0.5999559666852726;341.7288828;0.2;0.01;0.03;0.0001;0.01;0.3;45
0.6000161321412465;-0.49998129428254107;0.5999408731939588;341.8293273;0.2;0.01;0.03;0.0001;0.01;0.3;45
0.600028705934434;-0.49997030757970884;0.5999125959037204;341.9285925;0.2;0.01;0.03;0.0001;0.01;0.3;45
0.6000043608739365;-0.5000106528878685;0.599958085818061;342.029627;0.2;0.01;0.03;0.0001;0.01;0.3;45
0.6000290273959309;-0.4999756460806995;0.599935784610965;342.1437465;0.2;0.01;0.03;0.0001;0.01;0.3;45
0.6000173796695843;-0.4999832267907331;0.599941811374733;342.2379046;0.2;0.01;0.03;0.0001;0.01;0.3;45
0.60000735834489;-0.49997868271200036;0.6000055880008378;342.3293198;0.2;0.01;0.03;0.0001;0.01;0.3;45
0.6000359307645895;-0.49995010343578833;0.5999824989967405;342.4294686;0.2;0.01;0.03;0.0001;0.01;0.3;45
0.600030281440986;-0.4999578987423834;0.6000022664674254;342.5311881;0.2;0.01;0.03;0.0001;0.01;0.3;45
0.6000048643873191;-0.49997944788394816;0.600031743132474;342.6318219;0.2;0.01;0.03;0.0001;0.01;0.3;45
0.6000065775172871;-0.4999773928180386;0.5999952724685684;342.7395595;0.2;0.01;0.03;0.0001;0.01;0.3;45
0.5999756121403559;-0.49997757344402005;0.6000602434294252;342.830432;0.2;0.01;0.03;0.0001;0.01;0.3;45
0.6000151946210689;-0.49996003561724617;0.5999992767061108;342.9307959;0.2;0.01;0.03;0.0001;0.01;0.3;45
0.6000102681852549;-0.4999759932070863;0.6000483396635695;343.0365307;0.2;0.01;0.03;0.0001;0.01;0.3;45
0.6000356014036655;-0.49993021082531597;0.5999980547371879;343.1317025;0.2;0.01;0.03;0.0001;0.01;0.3;45
0.6000001058734323;-0.49997413966745713;0.6000413052895572;343.2318641;0.2;0.01;0.03;0.0001;0.01;0.3;45
0.6000175847662197;-0.4999590459150434;0.6000598562501718;343.3344318;0.2;0.01;0.03;0.0001;0.01;0.3;45
0.6000298963619879;-0.4999621215114478;0.6000077818880157;343.4320486;0.2;0.01;0.03;0.0001;0.01;0.3;45
0.6000095926763911;-0.49996033495612724;0.6000655993430315;343.5750358;0.2;0.01;0.03;0.0001;0.01;0.3;45
0.5999933136380106;-0.4999629704784781;0.6000523412892236;343.6382098;0.2;0.01;0.03;0.0001;0.01;0.3;45
0.6000383980818961;-0.49995415324327397;0.6000119826786434;343.732486;0.2;0.01;0.03;0.0001;0.01;0.3;45
0.5999983542238702;-0.49995892284546567;0.6000146206409752;343.8336274;0.2;0.01;0.03;0.0001;0.01;0.3;45
0.6000057439401003;-0.4999835048071243;0.6000274549650598;343.9337426;0.2;0.01;0.03;0.0001;0.01;0.3;45
0.6000201876835698;-0.4999658522907319;0.600014365734971;344.0330489;0.2;0.01;0.03;0.0001;0.01;0.3;45
0.6000226966177189;-0.4999502035925299;0.6000532914317439;344.1345834;0.2;0.01;0.03;0.0001;0.01;0.3;45
0.5999965871069398;-0.49998281846013853;0.6000588790827939;344.2334162;0.2;0.01;0.03;0.0001;0.01;0.3;45
0.6000141331716999;-0.49997770947943054;0.6000692549116508;344.3339799;0.2;0.01;0.03;0.0001;0.01;0.3;45
0.6000376240080811;-0.4999504192944981;0.600042459871492;344.4348696;0.2;0.01;0.03;0.0001;0.01;0.3;45
0.6000052847774606;-0.4999752820412435;0.6000265651340246;344.534129;0.2;0.01;0.03;0.0001;0.01;0.3;45
0.5999856118082532;-0.4999722216993025;0.6001059033723806;344.6357994;0.2;0.01;0.03;0.0001;0.01;0.3;45
0.5999958954523997;-0.4999596957522812;0.6000370390510604;344.7351033;0.2;0.01;0.03;0.0001;0.01;0.3;45
0.6000273257751141;-0.4999701739209495;0.6000708378114503;344.8385513;0.2;0.01;0.03;0.0001;0.01;0.3;45
0.6000055642382385;-0.49997569255562624;0.600073229340034;344.9350352;0.2;0.01;0.03;0.0001;0.01;0.3;45
0.600006126203806;-0.49995228140224696;0.6000741544324772;345.0381332;0.2;0.01;0.03;0.0001;0.01;0.3;45
0.6000227832489536;-0.4999528023327183;0.6000629136963828;345.1408463;0.2;0.01;0.03;0.0001;0.01;0.3;45
0.6000068675534274;-0.4999315975338402;0.6000828261419368;345.2363235;0.2;0.01;0.03;0.0001;0.01;0.3;45
0.6000051658664979;-0.4999482649988412;0.6000560920359863;345.3386148;0.2;0.01;0.03;0.0001;0.01;0.3;45
0.6000119726090734;-0.49995724613081877;0.6000236777196315;345.4365182;0.2;0.01;0.03;0.0001;0.01;0.3;45
0.6000102305966432;-0.4999712627263494;0.6000176766405919;345.5382459;0.2;0.01;0.03;0.0001;0.01;0.3;45
0.600024085391911;-0.49998432626572525;0.6000249949359048;345.6368438;0.2;0.01;0.03;0.0001;0.01;0.3;45
0.5999848703238918;-0.49997101011911343;0.6000459274616933;345.7380205;0.2;0.01;0.03;0.0001;0.01;0.3;45
0.5999972371388095;-0.49997924933817467;0.6000404070394788;345.8377362;0.2;0.01;0.03;0.0001;0.01;0.3;45
0.6000089340048267;-0.4999714617834996;0.6000377788926463;345.9407373;0.2;0.01;0.03;0.0001;0.01;0.3;45
0.6000153544249003;-0.49996742254497556;0.6000398994805277;346.0412067;0.2;0.01;0.03;0.0001;0.01;0.3;45
0.6000253447148095;-0.4999717614226159;0.6000553846525423;346.137935;0.2;0.01;0.03;0.0001;0.01;0.3;45
0.6000094009028281;-0.4999721047748731;0.6000284019923181;346.2381047;0.2;0.01;0.03;0.0001;0.01;0.3;45
0.6000079167111554;-0.49999712326817763;0.5999713309051609;346.3392447;0.2;0.01;0.03;0.0001;0.01;0.3;45
0.5999849480963152;-0.49999074712018554;0.6000091021998437;346.4392182;0.2;0.01;0.03;0.0001;0.01;0.3;45
0.600013066864042;-0.4999736717032029;0.6000230494413992;346.5394055;0.2;0.01;0.03;0.0001;0.01;0.3;45
0.6000073595809446;-0.499973823663095;0.600040142858047;346.6390721;0.2;0.01;0.03;0.0001;0.01;0.3;45
0.6000165551716743;-0.49996454610275787;0.6000450370908619;346.7407807;0.2;0.01;0.03;0.0001;0.01;0.3;45
0.599983860845683;-0.4999863668196206;0.600019886572745;346.8407455;0.2;0.01;0.03;0.0001;0.01;0.3;45
0.5999889470789959;-0.4999777961487448;0.60001144646585;346.942181;0.2;0.01;0.03;0.0001;0.01;0.3;45
0.600009973990194;-0.4999244579221878;0.6000319760401384;347.0406583;0.2;0.01;0.03;0.0001;0.01;0.3;45
0.6000008197914148;-0.4999780056220708;0.6000380222486329;347.1463395;0.2;0.01;0.03;0.0001;0.01;0.3;45
0.6000090014223048;-0.49996212260043627;0.600007226796526;347.2410078;0.2;0.01;0.03;0.0001;0.01;0.3;45
0.5999880374003888;-0.49997639509149056;0.600059032580797;347.3436017;0.2;0.01;0.03;0.0001;0.01;0.3;45
0.6000120703621162;-0.4999889214054319;0.6000270261949774;347.444248;0.2;0.01;0.03;0.0001;0.01;0.3;45
0.5999822380546934;-0.4999961663015432;0.6000044255536615;347.541301;0.2;0.01;0.03;0.0001;0.01;0.3;45
0.5999830760010487;-0.49999282363837655;0.5999871497590915;347.7363322;0.2;0.01;0.03;0.0001;0.01;0.3;45
0.5999962711894278;-0.4999927371569413;0.5999724587592878;347.7434554;0.2;0.01;0.03;0.0001;0.01;0.3;45
0.5999722158556886;-0.499981980538984;0.6000210135514548;347.8912517;0.2;0.01;0.03;0.0001;0.01;0.3;45
0.6000306910282351;-0.49996394911791514;0.5999861641877929;347.9436474;0.2;0.01;0.03;0.0001;0.01;0.3;45
0.5999866440868626;-0.5000032836307553;0.6000519097471138;348.0616265;0.2;0.01;0.03;0.0001;0.01;0.3;45
0.6000113900460612;-0.499973527045904;0.6000234187780993;348.1454201;0.2;0.01;0.03;0.0001;0.01;0.3;45
0.5999863656107044;-0.5000152066621482;0.6000067074506535;348.2816568;0.2;0.01;0.03;0.0001;0.01;0.3;45
0.6000077409670422;-0.4999773474557553;0.6000122054751389;348.347252;0.2;0.01;0.03;0.0001;0.01;0.3;45
0.5999995809535623;-0.4999981537343813;0.600009969469674;348.4435261;0.2;0.01;0.03;0.0001;0.01;0.3;45
0.6000040798768528;-0.49998607963820774;0.5999759659077119;348.5466873;0.2;0.01;0.03;0.0001;0.01;0.3;45
0.6000246627632345;-0.5000076016178804;0.5999871875513015;348.6905038;0.2;0.01;0.03;0.0001;0.01;0.3;45
0.600012296212659;-0.5000070201059608;0.5999681142414659;348.7438486;0.2;0.01;0.03;0.0001;0.01;0.3;45
0.6000182268656818;-0.4999972274024119;0.5999333967423304;348.8443068;0.2;0.01;0.03;0.0001;0.01;0.3;45
0.5999801046562762;-0.5000319902762502;0.5999818825751483;348.945865;0.2;0.01;0.03;0.0001;0.01;0.3;45
0.5999997895027235;-0.5000300417660106;0.5999253975105129;349.0445906;0.2;0.01;0.03;0.0001;0.01;0.3;45
0.5999982825615822;-0.5000251476377439;0.5999486058390485;349.1451078;0.2;0.01;0.03;0.0001;0.01;0.3;45
0.6000163450614369;-0.5000064181658084;0.5999563523165776;349.2444332;0.2;0.01;0.03;0.0001;0.01;0.3;45
0.6000042567275743;-0.5000324069080975;0.6000002763354757;349.3459748;0.2;0.01;0.03;0.0001;0.01;0.3;45
0.5999903691718416;-0.5000293640133436;0.5999528774300866;349.4464177;0.2;0.01;0.03;0.0001;0.01;0.3;45
0.600001357894625;-0.5000301513745078;0.5999345307994517;349.5452238;0.2;0.01;0.03;0.0001;0.01;0.3;45
0.5999992772127452;-0.5000072581113973;0.599961626760896;349.6460668;0.2;0.01;0.03;0.0001;0.01;0.3;45
0.6000114086563598;-0.4999737749314369;0.5999600633052863;349.7465386;0.2;0.01;0.03;0.0001;0.01;0.3;45
0.5999984826738531;-0.5000377323171533;0.5999451299011739;349.848868;0.2;0.01;0.03;0.0001;0.01;0.3;45
0.600013026811112;-0.49996409248825285;0.5999770199304112;349.9519395;0.2;0.01;0.03;0.0001;0.01;0.3;45
0.6000024316843326;-0.5000002524293171;0.600020378940821;350.0475936;0.2;0.01;0.03;0.0001;0.01;0.3;45
0.6000019088441156;-0.5000116826544412;0.5999584521197572;350.1470853;0.2;0.01;0.03;0.0001;0.01;0.3;45
0.5999881363759081;-0.5000132714077015;0.5999720980531521;350.2486865;0.2;0.01;0.03;0.0001;0.01;0.3;45
0.5999874445717144;-0.5000392362707532;0.6000114738746515;350.3498444;0.2;0.01;0.03;0.0001;0.01;0.3;45
0.5999842156304996;-0.5000190683169266;0.6000122946500435;350.4586296;0.2;0.01;0.03;0.0001;0.01;0.3;45
0.5999991843015765;-0.499994913239103;0.599980580075132;350.5499334;0.2;0.01;0.03;0.0001;0.01;0.3;45
0.6000093350848186;-0.5000311648676637;0.5999687789601675;350.6473367;0.2;0.01;0.03;0.0001;0.01;0.3;45
0.5999999847316753;-0.5000326664277343;0.5999631617656912;350.7479174;0.2;0.01;0.03;0.0001;0.01;0.3;45
0.6000216109962111;-0.4999880182783111;0.5999731642579867;350.8480514;0.2;0.01;0.03;0.0001;0.01;0.3;45
0.6000010939398398;-0.49999307959325473;0.6000268155914109;350.9497719;0.2;0.01;0.03;0.0001;0.01;0.3;45
0.5999799309955667;-0.5000268494366317;0.6000099823454209;351.0491948;0.2;0.01;0.03;0.0001;0.01;0.3;45
0.5999889643396474;-0.5000415098076875;0.5999605528784742;351.1483946;0.2;0.01;0.03;0.0001;0.01;0.3;45
0.6000101231976539;-0.5000299584772929;0.5999152322748497;351.2486572;0.2;0.01;0.03;0.0001;0.01;0.3;45
0.6000044781490925;-0.5000135088957595;0.5999931017731062;351.3491541;0.2;0.01;0.03;0.0001;0.01;0.3;45
0.600000101145516;-0.5000184684036971;0.5999622430720826;351.4527514;0.2;0.01;0.03;0.0001;0.01;0.3;45
0.6000040305192536;-0.500005452999355;0.5999679864593102;351.5494665;0.2;0.01;0.03;0.0001;0.01;0.3;45
0.5999765562111549;-0.5000308333511039;0.5999742184245647;351.6520808;0.2;0.01;0.03;0.0001;0.01;0.3;45
0.6000211854318962;-0.5000093221293561;0.5999360875458882;351.7503411;0.2;0.01;0.03;0.0001;0.01;0.3;45
0.5999976060502871;-0.4999972699745191;0.599983019118585;351.8506035;0.2;0.01;0.03;0.0001;0.01;0.3;45
0.5999970249374917;-0.500025062989199;0.5999335483104362;351.9513354;0.2;0.01;0.03;0.0001;0.01;0.3;45
0.6000147535200703;-0.5000252885739387;0.5998866510439823;352.0537418;0.2;0.01;0.03;0.0001;0.01;0.3;45
0.5999953573339553;-0.5000272967875532;0.5999377875731446;352.1530387;0.2;0.01;0.03;0.0001;0.01;0.3;45
0.5999935065504843;-0.5000241621982269;0.5999512775427874;352.2514061;0.2;0.01;0.03;0.0001;0.01;0.3;45
0.6000193228516197;-0.5000059886734446;0.599925782478907;352.3525385;0.2;0.01;0.03;0.0001;0.01;0.3;45
0.6000077627140027;-0.5000402690359571;0.599962928136608;352.4554606;0.2;0.01;0.03;0.0001;0.01;0.3;45
0.6000074273918338;-0.4999912749911565;0.5999323945604575;352.5584122;0.2;0.01;0.03;0.0001;0.01;0.3;45
0.6000098798428536;-0.49999033689923666;0.5999383957776476;352.6534176;0.2;0.01;0.03;0.0001;0.01;0.3;45
0.6000111344381467;-0.50003861111381;0.5999564033386463;352.752492;0.2;0.01;0.03;0.0001;0.01;0.3;45
0.5999929929506764;-0.5000282000144963;0.5999583306182251;352.8524052;0.2;0.01;0.03;0.0001;0.01;0.3;45
0.5999924187936415;-0.5000516653718124;0.5999669328414393;352.9534832;0.2;0.01;0.03;0.0001;0.01;0.3;45
0.6000144114388484;-0.5000197606674321;0.5999534660654752;353.0756463;0.2;0.01;0.03;0.0001;0.01;0.3;45
0.5999945229308368;-0.5000552965898475;0.5999189841035347;353.1540693;0.2;0.01;0.03;0.0001;0.01;0.3;45
0.5999848612087932;-0.5000247112168015;0.599997105758244;353.2541078;0.2;0.01;0.03;0.0001;0.01;0.3;45
0.6000011751072184;-0.5000491310333908;0.5999584838141915;353.3574023;0.2;0.01;0.03;0.0001;0.01;0.3;45
0.6000006506849731;-0.5000309238793664;0.5999657704345598;353.4571706;0.2;0.01;0.03;0.0001;0.01;0.3;45
0.6000005516012431;-0.5000306309989505;0.5999960657439825;353.5551345;0.2;0.01;0.03;0.0001;0.01;0.3;45
0.6000085498610187;-0.5000026834042668;0.5999910788601711;353.656136;0.2;0.01;0.03;0.0001;0.01;0.3;45
0.6000256242336373;-0.5000261947668283;0.5999451299311442;353.7547042;0.2;0.01;0.03;0.0001;0.01;0.3;45
0.5999931591943034;-0.5000235361139419;0.599987611525734;353.856856;0.2;0.01;0.03;0.0001;0.01;0.3;45
0.5999885744308086;-0.5000357332739164;0.5999655886798019;353.9569088;0.2;0.01;0.03;0.0001;0.01;0.3;45
0.6000096602159191;-0.5000118080480139;0.5999745713512206;354.0558203;0.2;0.01;0.03;0.0001;0.01;0.3;45
0.6000092436386812;-0.5000159792239651;0.5999796740022427;354.1565591;0.2;0.01;0.03;0.0001;0.01;0.3;45
0.5999896279377867;-0.5000151691822335;0.5999704358882801;354.2559777;0.2;0.01;0.03;0.0001;0.01;0.3;45
0.5999939177559188;-0.5000198271394726;0.5999745945422381;354.355006;0.2;0.01;0.03;0.0001;0.01;0.3;45
0.5999959867007166;-0.49998425667899005;0.6000563102829657;354.4570555;0.2;0.01;0.03;0.0001;0.01;0.3;45
0.5999893931508029;-0.4999858235823605;0.5999842719191802;354.5598843;0.2;0.01;0.03;0.0001;0.01;0.3;45
0.6000181815823761;-0.4999938218661981;0.6000092231983154;354.6572121;0.2;0.01;0.03;0.0001;0.01;0.3;45
0.5999995951187161;-0.49996332586329184;0.6000270566858595;354.7580528;0.2;0.01;0.03;0.0001;0.01;0.3;45
0.5999994566277695;-0.4999949518271393;0.600030757467472;354.857195;0.2;0.01;0.03;0.0001;0.01;0.3;45
0.5999784432118731;-0.5000114199654846;0.6000175630311749;354.9591549;0.2;0.01;0.03;0.0001;0.01;0.3;45
0.6000090776377631;-0.49997640418845;0.6000316294392501;355.0595129;0.2;0.01;0.03;0.0001;0.01;0.3;45
0.5999684258830321;-0.49999745528888684;0.6000530750906526;355.1575307;0.2;0.01;0.03;0.0001;0.01;0.3;45
0.599993210887143;-0.49993823800206627;0.6000615643564532;355.2575871;0.2;0.01;0.03;0.0001;0.01;0.3;45
0.6000026789505247;-0.4999732770632477;0.6000454589781253;355.3595245;0.2;0.01;0.03;0.0001;0.01;0.3;45
0.5999846641521994;-0.4999753227282166;0.6000761121799644;355.4831768;0.2;0.01;0.03;0.0001;0.01;0.3;45
0.5999813501212554;-0.4999819604914193;0.600049942687535;355.5631031;0.2;0.01;0.03;0.0001;0.01;0.3;45
0.5999807637193307;-0.4999666048262086;0.6000380925552056;355.6589513;0.2;0.01;0.03;0.0001;0.01;0.3;45
0.5999687381045192;-0.4999736063605181;0.6000804256122594;355.7605487;0.2;0.01;0.03;0.0001;0.01;0.3;45
0.599986846528944;-0.49997168974310363;0.6000478971038148;355.8598081;0.2;0.01;0.03;0.0001;0.01;0.3;45
0.5999699062926837;-0.4999898785116698;0.6001061077919323;355.9592098;0.2;0.01;0.03;0.0001;0.01;0.3;45
0.5999763557254492;-0.4999664713481611;0.6000687598374294;356.0592945;0.2;0.01;0.03;0.0001;0.01;0.3;45
0.5999584743491406;-0.4999835468473953;0.6000339332985901;356.1632813;0.2;0.01;0.03;0.0001;0.01;0.3;45
0.5999784208688467;-0.49999166559881353;0.6000816580452469;356.2600727;0.2;0.01;0.03;0.0001;0.01;0.3;45
0.5999887797189544;-0.4999652010998222;0.6000611820387656;356.3625785;0.2;0.01;0.03;0.0001;0.01;0.3;45
0.5999598524377411;-0.5000197988239821;0.6000175628157547;356.4635303;0.2;0.01;0.03;0.0001;0.01;0.3;45
0.5999902878271891;-0.499979857162011;0.6000105095636814;356.5665459;0.2;0.01;0.03;0.0001;0.01;0.3;45
0.599979917698881;-0.4999650769440807;0.60005840960932;356.6625852;0.2;0.01;0.03;0.0001;0.01;0.3;45
0.5999724521895761;-0.500011397315429;0.6000276926485109;356.7617303;0.2;0.01;0.03;0.0001;0.01;0.3;45
0.5999610967382779;-0.5000000193785178;0.6000421766750617;356.8612362;0.2;0.01;0.03;0.0001;0.01;0.3;45
0.5999897072794221;-0.49995946866223195;0.600060448171973;356.9611717;0.2;0.01;0.03;0.0001;0.01;0.3;45
0.5999985326524764;-0.5000006893341699;0.6000314161398199;357.0611992;0.2;0.01;0.03;0.0001;0.01;0.3;45
0.5999843096655043;-0.4999823066335327;0.6000624649735491;357.1615734;0.2;0.01;0.03;0.0001;0.01;0.3;45
0.5999878761192462;-0.49997595003125994;0.6000352517198586;357.3246658;0.2;0.01;0.03;0.0001;0.01;0.3;45
0.5999778947082968;-0.4999716567517329;0.6000659240435209;357.4024742;0.2;0.01;0.03;0.0001;0.01;0.3;45
0.5999792882439192;-0.4999909000620228;0.6000212734257195;357.4923937;0.2;0.01;0.03;0.0001;0.01;0.3;45
0.5999901795261937;-0.5000039928503683;0.6000577571495085;357.6490513;0.2;0.01;0.03;0.0001;0.01;0.3;45
0.6000047398629895;-0.4999841724908188;0.6000069940234998;357.6646027;0.2;0.01;0.03;0.0001;0.01;0.3;45
0.6000002614408185;-0.500032711252585;0.6000132644785174;357.7632874;0.2;0.01;0.03;0.0001;0.01;0.3;45
0.6000002942184864;-0.5000356072324865;0.6000216606886005;357.8647117;0.2;0.01;0.03;0.0001;0.01;0.3;45
0.6000197254548677;-0.49999448301431976;0.6000425245166274;357.9676668;0.2;0.01;0.03;0.0001;0.01;0.3;45
0.5999874258101713;-0.4999900581067859;0.6000405717894307;358.0839775;0.2;0.01;0.03;0.0001;0.01;0.3;45
0.5999971581354201;-0.500008565580568;0.6000325697651059;358.1652799;0.2;0.01;0.03;0.0001;0.01;0.3;45
0.59999658032257;-0.5000370661666912;0.5999793080899877;358.2671442;0.2;0.01;0.03;0.0001;0.01;0.3;45
0.5999902632105053;-0.5000239214192888;0.6000448014266571;358.3634949;0.2;0.01;0.03;0.0001;0.01;0.3;45
0.5999773284558841;-0.5000127033691281;0.6000470158620728;358.5061365;0.2;0.01;0.03;0.0001;0.01;0.3;45
0.6000003066712482;-0.4999942604573158;0.6000279975965573;358.5701876;0.2;0.01;0.03;0.0001;0.01;0.3;45
0.5999965086117393;-0.4999832294392889;0.6000288206465623;358.666787;0.2;0.01;0.03;0.0001;0.01;0.3;45
0.6000109522777018;-0.5000023185573264;0.5999860484341542;358.7649035;0.2;0.01;0.03;0.0001;0.01;0.3;45
0.5999858967695112;-0.5000117444057872;0.6000603906876133;358.8656352;0.2;0.01;0.03;0.0001;0.01;0.3;45
0.5999884722644976;-0.500011164375725;0.6000376197158975;358.9655736;0.2;0.01;0.03;0.0001;0.01;0.3;45
0.600001134689813;-0.5000272746927982;0.6000113046873421;359.0840185;0.2;0.01;0.03;0.0001;0.01;0.3;45
0.6000084029197583;-0.5000345102217094;0.6000155651160904;359.1672127;0.2;0.01;0.03;0.0001;0.01;0.3;45
0.5999909136788756;-0.5000126906956563;0.600055193264989;359.2694161;0.2;0.01;0.03;0.0001;0.01;0.3;45
0.5999998847728453;-0.49999844970158414;0.600085465860923;359.3663905;0.2;0.01;0.03;0.0001;0.01;0.3;45
0.6000082303858915;-0.5000099867133058;0.5999739451447089;359.4666043;0.2;0.01;0.03;0.0001;0.01;0.3;45
0.5999794553221398;-0.5000137621963113;0.6000175880532752;359.5722138;0.2;0.01;0.03;0.0001;0.01;0.3;45
0.6000257310016693;-0.49999455957627115;0.6000024038276324;359.6672808;0.2;0.01;0.03;0.0001;0.01;0.3;45
0.6000001309645494;-0.5000256428950535;0.5999521129888068;359.7685444;0.2;0.01;0.03;0.0001;0.01;0.3;45
0.5999899775336746;-0.5000066556217346;0.5999872586739635;359.8674331;0.2;0.01;0.03;0.0001;0.01;0.3;45
0.6000078749884301;-0.49998475663205433;0.6000176286601436;359.9686769;0.2;0.01;0.03;0.0001;0.01;0.3;45
0.6000267580904146;-0.5000160001766892;0.5999895427121436;360.0713597;0.2;0.01;0.03;0.0001;0.01;0.3;45
0.5999859229852568;-0.5000414483259967;0.5999927004323427;360.1700571;0.2;0.01;0.03;0.0001;0.01;0.3;45
0.5999907654992667;-0.500015056477653;0.5999859205620427;360.2701678;0.2;0.01;0.03;0.0001;0.01;0.3;45
0.6000083970144642;-0.5000367920501615;0.5999520842314686;360.3688868;0.2;0.01;0.03;0.0001;0.01;0.3;45
0.5999920708044311;-0.5000345533659646;0.5999889496646279;360.4690121;0.2;0.01;0.03;0.0001;0.01;0.3;45
0.6000063527832915;-0.5000262893013548;0.5999809787233842;360.5716948;0.2;0.01;0.03;0.0001;0.01;0.3;45
0.6000073258360786;-0.5000521881594199;0.5999468691120176;360.6709904;0.2;0.01;0.03;0.0001;0.01;0.3;45
0.5999982438064856;-0.5000178046852067;0.5999872305013071;360.7693905;0.2;0.01;0.03;0.0001;0.01;0.3;45
0.5999938719563706;-0.5000302383423899;0.5999966558677792;360.8694111;0.2;0.01;0.03;0.0001;0.01;0.3;45
0.599995801450516;-0.500016276978411;0.5999696571938749;360.9703501;0.2;0.01;0.03;0.0001;0.01;0.3;45
0.59999784986453;-0.5000439976187002;0.600003578862503;361.0731356;0.2;0.01;0.03;0.0001;0.01;0.3;45
0.600018881751026;-0.49997133420627327;0.6000017341202631;361.1707497;0.2;0.01;0.03;0.0001;0.01;0.3;45
0.6000042432832108;-0.5000179950653149;0.5999486058390485;361.2701824;0.2;0.01;0.03;0.0001;0.01;0.3;45
0.5999857281557698;-0.5000436336285511;0.5999556589312199;361.3710379;0.2;0.01;0.03;0.0001;0.01;0.3;45
0.5999869793876895;-0.500008827109893;0.5999862812680401;361.4726941;0.2;0.01;0.03;0.0001;0.01;0.3;45
0.5999769266683113;-0.5000096357164558;0.5999903926624255;361.5755949;0.2;0.01;0.03;0.0001;0.01;0.3;45
0.6000060861880828;-0.49997463948394594;0.5999934500906208;361.6715966;0.2;0.01;0.03;0.0001;0.01;0.3;45
0.6000058457567614;-0.5000278562407835;0.599976534563716;361.7712832;0.2;0.01;0.03;0.0001;0.01;0.3;45
0.5999960434364789;-0.5000436494026386;0.5999155510525754;361.8718748;0.2;0.01;0.03;0.0001;0.01;0.3;45
0.5999898368828193;-0.5000359807173648;0.5999522268978964;361.9730366;0.2;0.01;0.03;0.0001;0.01;0.3;45
0.599997672180251;-0.5000313522235723;0.5999963405611946;362.0717431;0.2;0.01;0.03;0.0001;0.01;0.3;45
0.6000195767781825;-0.4999968478105281;0.5999732517777531;362.172562;0.2;0.01;0.03;0.0001;0.01;0.3;45
0.600000200134148;-0.4999797217604573;0.5999782019191778;362.2733131;0.2;0.01;0.03;0.0001;0.01;0.3;45
0.6000180062640597;-0.500021172679468;0.5999852627781213;362.3811307;0.2;0.01;0.03;0.0001;0.01;0.3;45
0.5999711955560525;-0.5000269656880363;0.5999769432494494;362.4730152;0.2;0.01;0.03;0.0001;0.01;0.3;45
0.6000176392619951;-0.5000036703146249;0.5999596144904604;362.5730748;0.2;0.01;0.03;0.0001;0.01;0.3;45
0.5999964462632992;-0.5000170996955595;0.5999913906793036;362.6747641;0.2;0.01;0.03;0.0001;0.01;0.3;45
0.5999982887665469;-0.5000226763204223;0.5999371086511035;362.7750514;0.2;0.01;0.03;0.0001;0.01;0.3;45
0.6000215830856821;-0.5000125641644821;0.5999654765882191;362.8753899;0.2;0.01;0.03;0.0001;0.01;0.3;45
0.6000039306749936;-0.5000077952609123;0.5999813592613937;362.9740738;0.2;0.01;0.03;0.0001;0.01;0.3;45
0.5999959539825125;-0.5000067822143206;0.5999471109221677;363.1058495;0.2;0.01;0.03;0.0001;0.01;0.3;45
0.6000010199266119;-0.5000274523208232;0.5999509823204627;363.1754796;0.2;0.01;0.03;0.0001;0.01;0.3;45
0.5999879898839856;-0.5000202947229445;0.5999831471202717;363.2789485;0.2;0.01;0.03;0.0001;0.01;0.3;45
0.5999990698141517;-0.5000239667194714;0.599947423877392;363.3758479;0.2;0.01;0.03;0.0001;0.01;0.3;45
0.5999856114090262;-0.5000338593767009;0.5999561672675949;363.4749492;0.2;0.01;0.03;0.0001;0.01;0.3;45
0.5999923268139767;-0.5000176359971872;0.6000065513252761;363.5757513;0.2;0.01;0.03;0.0001;0.01;0.3;45
0.5999772941594034;-0.5000222029494179;0.5999942326491363;363.6754567;0.2;0.01;0.03;0.0001;0.01;0.3;45
0.5999965828143632;-0.5000271488073244;0.599979816333456;363.7772562;0.2;0.01;0.03;0.0001;0.01;0.3;45
0.5999881222011666;-0.5000084396605358;0.5999202718418143;363.877472;0.2;0.01;0.03;0.0001;0.01;0.3;45
0.6000120102737478;-0.4999819184523866;0.5999624761120067;363.9794417;0.2;0.01;0.03;0.0001;0.01;0.3;45
0.6000150079512676;-0.5000138519521097;0.5999506911693191;364.0819699;0.2;0.01;0.03;0.0001;0.01;0.3;45
0.5999958013776602;-0.4999894539741471;0.5999988326464688;364.1765539;0.2;0.01;0.03;0.0001;0.01;0.3;45
0.6000021890402928;-0.5000120685730325;0.5999528259909053;364.3218684;0.2;0.01;0.03;0.0001;0.01;0.3;45
0.5999997404265542;-0.5000371992621138;0.59993449569186;364.3771744;0.2;0.01;0.03;0.0001;0.01;0.3;45
0.5999915172653877;-0.5000213641087022;0.5999369233642162;364.480761;0.2;0.01;0.03;0.0001;0.01;0.3;45
0.5999791729137014;-0.5000497528409857;0.5999415928246317;364.5819317;0.2;0.01;0.03;0.0001;0.01;0.3;45
0.5999948695421015;-0.5000147115836603;0.5999069915828339;364.6872741;0.2;0.01;0.03;0.0001;0.01;0.3;45
0.6000089804609885;-0.5000014389390232;0.5999590229890814;364.7848658;0.2;0.01;0.03;0.0001;0.01;0.3;45
0.6000117030439195;-0.5000033524964868;0.5999709701120061;364.8792393;0.2;0.01;0.03;0.0001;0.01;0.3;45
0.6000207488123384;-0.5000131265696243;0.5999458893766278;364.9974411;0.2;0.01;0.03;0.0001;0.01;0.3;45
0.5999851674912038;-0.4999959186753949;0.5999711342313625;365.099278;0.2;0.01;0.03;0.0001;0.01;0.3;45
0.600018999796769;-0.5000102885138514;0.5999290094411842;365.179202;0.2;0.01;0.03;0.0001;0.01;0.3;45
0.6000022046323658;-0.5000044029549133;0.5999403106801692;365.2791074;0.2;0.01;0.03;0.0001;0.01;0.3;45
0.6000126469447031;-0.4999654312306839;0.5999703271532925;365.3802057;0.2;0.01;0.03;0.0001;0.01;0.3;45
0.6000202484700579;-0.49997811717295787;0.5999427099378271;365.4799696;0.2;0.01;0.03;0.0001;0.01;0.3;45
0.6000399638005257;-0.499973788057439;0.5999285405862781;365.5813945;0.2;0.01;0.03;0.0001;0.01;0.3;45
0.6000034404829384;-0.4999966737577022;0.5999763422644379;365.6808684;0.2;0.01;0.03;0.0001;0.01;0.3;45
0.6000106019136374;-0.5000012502751752;0.5999693816810963;365.7837928;0.2;0.01;0.03;0.0001;0.01;0.3;45
0.5999934966996857;-0.49998758841236773;0.6000091037311334;365.8807837;0.2;0.01;0.03;0.0001;0.01;0.3;45
0.5999888603287745;-0.4999798513517006;0.6000821466827757;365.9807285;0.2;0.01;0.03;0.0001;0.01;0.3;45
0.5999896799078394;-0.4999741272458054;0.6000483233541143;366.0812147;0.2;0.01;0.03;0.0001;0.01;0.3;45
0.5999819573698704;-0.499978051991825;0.6000410139881318;366.1823835;0.2;0.01;0.03;0.0001;0.01;0.3;45
0.6000225604657291;-0.4999768960231766;0.6000351825394363;366.2823849;0.2;0.01;0.03;0.0001;0.01;0.3;45
0.5999940202864229;-0.5000079074021015;0.5999613023294971;366.3826073;0.2;0.01;0.03;0.0001;0.01;0.3;45
0.6000020821337817;-0.4999624437894921;0.6000333955430385;366.4830015;0.2;0.01;0.03;0.0001;0.01;0.3;45
0.5999880628663665;-0.499976207223825;0.6000315009256734;366.5830714;0.2;0.01;0.03;0.0001;0.01;0.3;45
0.5999874099976147;-0.50000904903821;0.5999799300782992;366.6848522;0.2;0.01;0.03;0.0001;0.01;0.3;45
0.5999673372492786;-0.49999325301992936;0.600036550480948;366.7989811;0.2;0.01;0.03;0.0001;0.01;0.3;45
0.5999928027975341;-0.49998889792905415;0.6000084102847214;366.8852407;0.2;0.01;0.03;0.0001;0.01;0.3;45
0.599998835821302;-0.49996439710787405;0.6000569960976523;366.9851966;0.2;0.01;0.03;0.0001;0.01;0.3;45
0.5999768852144276;-0.4999698284884869;0.600040172845409;367.0862117;0.2;0.01;0.03;0.0001;0.01;0.3;45
0.5999929431932359;-0.49998434644642537;0.6000088586910758;367.199378;0.2;0.01;0.03;0.0001;0.01;0.3;45
0.6000024624348126;-0.49994863455297706;0.6000281103050354;367.2842126;0.2;0.01;0.03;0.0001;0.01;0.3;45
0.6000003371905829;-0.4999938994065678;0.6000277001142076;367.3838332;0.2;0.01;0.03;0.0001;0.01;0.3;45
0.5999742461738712;-0.49996787322301584;0.6000548444148562;367.485925;0.2;0.01;0.03;0.0001;0.01;0.3;45
0.5999896895200106;-0.4999544765150283;0.6000370405329968;367.5845983;0.2;0.01;0.03;0.0001;0.01;0.3;45
0.5999851782047273;-0.49997128589689627;0.6000690586779875;367.6850626;0.2;0.01;0.03;0.0001;0.01;0.3;45
0.5999812769852336;-0.5000087150286348;0.6000242413928208;367.7857559;0.2;0.01;0.03;0.0001;0.01;0.3;45
0.5999854842301403;-0.4999792368170266;0.6000134037730084;367.8866998;0.2;0.01;0.03;0.0001;0.01;0.3;45
0.5999720607891824;-0.49999624938647935;0.5999854451350989;367.9877269;0.2;0.01;0.03;0.0001;0.01;0.3;45
0.5999806991280687;-0.49997594774459636;0.6000685701344619;368.0865671;0.2;0.01;0.03;0.0001;0.01;0.3;45
0.5999779782488015;-0.4999836746241229;0.6000277376942312;368.1924629;0.2;0.01;0.03;0.0001;0.01;0.3;45
0.5999949120494854;-0.4999481181754898;0.6000689301414899;368.2862681;0.2;0.01;0.03;0.0001;0.01;0.3;45
0.5999937985453069;-0.49999297216617933;0.6000268102293396;368.3901828;0.2;0.01;0.03;0.0001;0.01;0.3;45
0.5999716794849085;-0.49998794721397427;0.6000714977230597;368.4880942;0.2;0.01;0.03;0.0001;0.01;0.3;45
0.5999725361835904;-0.49998701015144004;0.600039607867891;368.5879214;0.2;0.01;0.03;0.0001;0.01;0.3;45
0.5999665640421015;-0.499986987911721;0.6000800656911828;368.6906341;0.2;0.01;0.03;0.0001;0.01;0.3;45
0.5999831735339595;-0.49998520565734433;0.6000076956641114;368.7930835;0.2;0.01;0.03;0.0001;0.01;0.3;45
0.5999815733463909;-0.4999800027388183;0.6000600880779033;368.8886273;0.2;0.01;0.03;0.0001;0.01;0.3;45
0.5999859237961173;-0.49998964566957343;0.6000314782641748;369.0031752;0.2;0.01;0.03;0.0001;0.01;0.3;45
0.5999802212061779;-0.49997776903443086;0.6000895196460951;369.0890661;0.2;0.01;0.03;0.0001;0.01;0.3;45
0.6000086024299777;-0.4999442095711652;0.6000358570519586;369.1896809;0.2;0.01;0.03;0.0001;0.01;0.3;45
0.5999851726964331;-0.4999859747222776;0.6000634786578838;369.288985;0.2;0.01;0.03;0.0001;0.01;0.3;45
0.599983284814521;-0.49998769055168013;0.6000461500909927;369.3895851;0.2;0.01;0.03;0.0001;0.01;0.3;45
0.6000159813740459;-0.4999831299866343;0.5999922838645838;369.4898519;0.2;0.01;0.03;0.0001;0.01;0.3;45
0.6000080475514947;-0.5000044708115841;0.6000055582785383;369.5899878;0.2;0.01;0.03;0.0001;0.01;0.3;45
0.6000083852957584;-0.4999955700319511;0.6000318764525935;369.6976428;0.2;0.01;0.03;0.0001;0.01;0.3;45
0.6000047651869419;-0.5000092254567321;0.6000459005521317;369.7937701;0.2;0.01;0.03;0.0001;0.01;0.3;45
0.6000142439349732;-0.500024498298822;0.6001716645235696;369.8913018;0.2;0.01;0.03;0.0001;0.01;0.3;45
0.5999952474648872;-0.5000052815237424;0.6001829474794164;369.9919032;0.2;0.01;0.03;0.0001;0.01;0.3;45
0.6000047556982604;-0.5000259268856236;0.6001375655580563;370.0909711;0.2;0.01;0.03;0.0001;0.01;0.3;45
0.6000152530341687;-0.500001850353555;0.6001343796207319;370.1911216;0.2;0.01;0.03;0.0001;0.01;0.3;45
0.600040486082469;-0.5000166132050919;0.6001020091294494;370.2921067;0.2;0.01;0.03;0.0001;0.01;0.3;45
0.6000050924532255;-0.49998557980624053;0.5999679322904207;370.3926473;0.2;0.01;0.03;0.0001;0.01;0.3;45
0.5999837326110953;-0.499996699671412;0.5999012982411147;370.4936816;0.2;0.01;0.03;0.0001;0.01;0.3;45
0.6000193747207321;-0.4999821772081798;0.5999253323132412;370.5961021;0.2;0.01;0.03;0.0001;0.01;0.3;45
0.5999850239060356;-0.5000033723252575;0.5999328232319717;370.692672;0.2;0.01;0.03;0.0001;0.01;0.3;45
0.6000187599831663;-0.49997622373158607;0.5999442972400835;370.7937648;0.2;0.01;0.03;0.0001;0.01;0.3;45
0.6000030422140468;-0.5000015449431057;0.5999210929148391;370.8933153;0.2;0.01;0.03;0.0001;0.01;0.3;45
0.5999974779419129;-0.5000142116169227;0.5999369233642162;370.9951212;0.2;0.01;0.03;0.0001;0.01;0.3;45
0.6000064231716071;-0.4999828152085007;0.5999150943678673;371.0943013;0.2;0.01;0.03;0.0001;0.01;0.3;45
0.6000162350484071;-0.5000112260935606;0.599981297436168;371.1935507;0.2;0.01;0.03;0.0001;0.01;0.3;45
0.6000057870787869;-0.49999887698712414;0.5999565281479342;371.2939224;0.2;0.01;0.03;0.0001;0.01;0.3;45
0.6000064440310554;-0.49998517619410227;0.5999554230412425;371.3943591;0.2;0.01;0.03;0.0001;0.01;0.3;45
0.6000026857509759;-0.4999911696873338;0.5999860765873597;371.4951149;0.2;0.01;0.03;0.0001;0.01;0.3;45
0.6000019001633108;-0.5000261204791252;0.5999748487122154;371.6234443;0.2;0.01;0.03;0.0001;0.01;0.3;45
0.6000066524011755;-0.5000001270199443;0.5999934625665387;371.706975;0.2;0.01;0.03;0.0001;0.01;0.3;45
0.5999930273370667;-0.5000138558556084;0.5999957473140248;371.7992084;0.2;0.01;0.03;0.0001;0.01;0.3;45
0.5999973022653151;-0.5000257266443275;0.6000093420090014;371.9493255;0.2;0.01;0.03;0.0001;0.01;0.3;45
0.600003696784227;-0.4999853955969786;0.6000119619101986;372.0387771;0.2;0.01;0.03;0.0001;0.01;0.3;45
0.6000284325097723;-0.5000112961705202;0.5999738057133024;372.0969383;0.2;0.01;0.03;0.0001;0.01;0.3;45
0.6000007635751392;-0.5000024853570901;0.6000246184632271;372.1967274;0.2;0.01;0.03;0.0001;0.01;0.3;45
0.6000170796707063;-0.5000123894063814;0.5999643437776963;372.3279413;0.2;0.01;0.03;0.0001;0.01;0.3;45
0.6000092971486701;-0.4999996099320587;0.5999672930757315;372.4193368;0.2;0.01;0.03;0.0001;0.01;0.3;45
0.6000079906946989;-0.5000168813843341;0.5999868696211077;372.504631;0.2;0.01;0.03;0.0001;0.01;0.3;45
0.6000154483721435;-0.5000216266948649;0.5999856868885397;372.6003095;0.2;0.01;0.03;0.0001;0.01;0.3;45
0.6000059391618282;-0.5000279848895132;0.5999746591552001;372.6985401;0.2;0.01;0.03;0.0001;0.01;0.3;45
0.6000209171378145;-0.4999893278622325;0.5999724708947684;372.8002623;0.2;0.01;0.03;0.0001;0.01;0.3;45
0.6000193953717494;-0.5000282250344285;0.5999527426297855;372.8988038;0.2;0.01;0.03;0.0001;0.01;0.3;45
0.5999863194513965;-0.500024973192105;0.599950787909068;372.9983363;0.2;0.01;0.03;0.0001;0.01;0.3;45
0.6000194636536325;-0.5000138452533209;0.5999841301060389;373.0990688;0.2;0.01;0.03;0.0001;0.01;0.3;45
0.6000083301490723;-0.5000076443648334;0.5999605724581133;373.1998084;0.2;0.01;0.03;0.0001;0.01;0.3;45
0.6000142645712774;-0.500044116722356;0.599941861196127;373.3012993;0.2;0.01;0.03;0.0001;0.01;0.3;45
0.5999792871921075;-0.5000233339157685;0.5999578271685579;373.4006883;0.2;0.01;0.03;0.0001;0.01;0.3;45
0.5999968134448276;-0.5000200852206379;0.5999953865213976;373.5034189;0.2;0.01;0.03;0.0001;0.01;0.3;45
0.6000178768282989;-0.5000087423239455;0.5999515894288606;373.599303;0.2;0.01;0.03;0.0001;0.01;0.3;45
0.6000121394828506;-0.5000139374189274;0.5999617348400657;373.728629;0.2;0.01;0.03;0.0001;0.01;0.3;45
0.5999943183676908;-0.5000382665892061;0.5999694813610447;373.8176423;0.2;0.01;0.03;0.0001;0.01;0.3;45
0.6000057214004458;-0.5000055833695234;0.6000040016207117;373.9502985;0.2;0.01;0.03;0.0001;0.01;0.3;45
0.6000006048930037;-0.500041084534043;0.5999545080413538;374.0029591;0.2;0.01;0.03;0.0001;0.01;0.3;45
0.6000139401258765;-0.4999848489994964;0.6000040247248806;374.1029405;0.2;0.01;0.03;0.0001;0.01;0.3;45
0.6000137563789674;-0.5000119136881725;0.5999498279776865;374.2012465;0.2;0.01;0.03;0.0001;0.01;0.3;45
0.6000060188865972;-0.4999891792162046;0.5999890200687024;374.3024112;0.2;0.01;0.03;0.0001;0.01;0.3;45
0.6000202014965738;-0.5000416199361037;0.599974811509512;374.4018785;0.2;0.01;0.03;0.0001;0.01;0.3;45
0.5999913777940953;-0.5000113692407374;0.599995915978712;374.5018839;0.2;0.01;0.03;0.0001;0.01;0.3;45
0.6000316166402077;-0.4999825584621587;0.6000002086121731;374.6027199;0.2;0.01;0.03;0.0001;0.01;0.3;45
0.5999960816055994;-0.5000166628284658;0.5999640309089734;374.7028901;0.2;0.01;0.03;0.0001;0.01;0.3;45
0.5999961214215822;-0.5000510172198417;0.5999754764474787;374.80255;0.2;0.01;0.03;0.0001;0.01;0.3;45
0.6000072831460878;-0.5000422681713659;0.599956568443916;374.9027136;0.2;0.01;0.03;0.0001;0.01;0.3;45
0.6000270163894126;-0.5000239441541195;0.5999430782120828;375.0042733;0.2;0.01;0.03;0.0001;0.01;0.3;45
0.6000071229020908;-0.5000129918347438;0.599966932195667;375.104531;0.2;0.01;0.03;0.0001;0.01;0.3;45
0.600013683294153;-0.5000237261153309;0.5999918767458235;375.2043441;0.2;0.01;0.03;0.0001;0.01;0.3;45
0.6000115099801759;-0.500005566398473;0.5999862184177145;375.3065425;0.2;0.01;0.03;0.0001;0.01;0.3;45
0.6000239162352424;-0.4999794966329778;0.6000023119350829;375.4049828;0.2;0.01;0.03;0.0001;0.01;0.3;45
0.6000223910248558;-0.4999982425509163;0.5999052667371252;375.5049783;0.2;0.01;0.03;0.0001;0.01;0.3;45
0.6000256744262865;-0.4999887109558842;0.5999229638622102;375.6045746;0.2;0.01;0.03;0.0001;0.01;0.3;45
0.5999957243445416;-0.5000221664025809;0.5999675687426268;375.7075072;0.2;0.01;0.03;0.0001;0.01;0.3;45
0.5999994269032934;-0.5000284372069564;0.5999405885388205;375.8053967;0.2;0.01;0.03;0.0001;0.01;0.3;45
0.6000217462290908;-0.49998017878632894;0.5999125529437296;375.9061339;0.2;0.01;0.03;0.0001;0.01;0.3;45
0.5999987417246458;-0.5000276417201476;0.599925034393116;376.0070972;0.2;0.01;0.03;0.0001;0.01;0.3;45
0.600016827699036;-0.5000139128452131;0.5999561131549926;376.106037;0.2;0.01;0.03;0.0001;0.01;0.3;45
0.6000268949442747;-0.49995693292574317;0.5999893276298028;376.206373;0.2;0.01;0.03;0.0001;0.01;0.3;45
0.6000087444110186;-0.49997076266978685;0.5999885292991525;376.3066828;0.2;0.01;0.03;0.0001;0.01;0.3;45
0.6000045806418332;-0.4999689498290187;0.6000182754091066;376.4066376;0.2;0.01;0.03;0.0001;0.01;0.3;45
0.6000059947982292;-0.49997855065805896;0.6000499559617641;376.5178153;0.2;0.01;0.03;0.0001;0.01;0.3;45
0.5999948410704913;-0.4999798939447145;0.6000355561960765;376.6133987;0.2;0.01;0.03;0.0001;0.01;0.3;45
0.6000004495151621;-0.4999693133909806;0.6000619307245503;376.7149928;0.2;0.01;0.03;0.0001;0.01;0.3;45
0.5999863656890545;-0.4999877658753711;0.6000101911391363;376.8324028;0.2;0.01;0.03;0.0001;0.01;0.3;45
0.5999664368658734;-0.49999887495929835;0.6000660416823315;376.9077337;0.2;0.01;0.03;0.0001;0.01;0.3;45
0.5999964306843564;-0.49999476102153007;0.6000405581913805;377.0515394;0.2;0.01;0.03;0.0001;0.01;0.3;45
0.5999733392877336;-0.5000078738644113;0.6000131375889594;377.1082738;0.2;0.01;0.03;0.0001;0.01;0.3;45
0.5999893379262395;-0.4999780295101976;0.6000611969878679;377.2081013;0.2;0.01;0.03;0.0001;0.01;0.3;45
0.59997418183918;-0.49999445928414676;0.6000563026979427;377.3087693;0.2;0.01;0.03;0.0001;0.01;0.3;45
0.5999921591828326;-0.4999976006090635;0.6000152500108783;377.4096121;0.2;0.01;0.03;0.0001;0.01;0.3;45
0.5999974111074701;-0.49999136635151165;0.6000241278052812;377.5105396;0.2;0.01;0.03;0.0001;0.01;0.3;45
0.5999895718070131;-0.49997360690007614;0.6000597697984578;377.6092491;0.2;0.01;0.03;0.0001;0.01;0.3;45
0.5999605626663084;-0.5000039709445625;0.5999953414907505;377.7095627;0.2;0.01;0.03;0.0001;0.01;0.3;45
0.5999865330508383;-0.5000220468373324;0.6001309057502104;377.8091518;0.2;0.01;0.03;0.0001;0.01;0.3;45
0.6000177449494905;-0.4999929728403169;0.6001298181799604;377.9140072;0.2;0.01;0.03;0.0001;0.01;0.3;45
0.6000144851903537;-0.4999923959211538;0.6001403236286904;378.1046982;0.2;0.01;0.03;0.0001;0.01;0.3;45
0.5999883534642955;-0.4999956521983443;0.6001577963728334;378.1199939;0.2;0.01;0.03;0.0001;0.01;0.3;45
0.5999981484260501;-0.49999268750310544;0.6001428363907336;378.2240347;0.2;0.01;0.03;0.0001;0.01;0.3;45
0.5999643109543478;-0.49992053689739036;0.5999911210931368;378.310417;0.2;0.01;0.03;0.0001;0.01;0.3;45
0.5999652464330061;-0.4999878332152672;0.5999506529676457;378.4128412;0.2;0.01;0.03;0.0001;0.01;0.3;45
0.5999814008568888;-0.4999487173821206;0.59997431691809;378.5113086;0.2;0.01;0.03;0.0001;0.01;0.3;45
0.599998367089794;-0.49996920423193125;0.6000052203317429;378.611672;0.2;0.01;0.03;0.0001;0.01;0.3;45
0.5999582735610253;-0.4999762597696963;0.6000558541968455;378.7121072;0.2;0.01;0.03;0.0001;0.01;0.3;45
0.5999835267202266;-0.49998361541315595;0.5999889196836937;378.8121366;0.2;0.01;0.03;0.0001;0.01;0.3;45
0.5999809329575247;-0.4999623073647546;0.6000639343300774;378.9121474;0.2;0.01;0.03;0.0001;0.01;0.3;45
0.5999902938960168;-0.49996560684509067;0.6000690900235254;379.0130402;0.2;0.01;0.03;0.0001;0.01;0.3;45
0.6000062753083139;-0.49996023017974217;0.60004764435146;379.1129968;0.2;0.01;0.03;0.0001;0.01;0.3;45
0.5999894130433003;-0.4999666588288318;0.6000721475118737;379.2137139;0.2;0.01;0.03;0.0001;0.01;0.3;45
0.5999833480398415;-0.4999566395512635;0.6000392728943867;379.3135917;0.2;0.01;0.03;0.0001;0.01;0.3;45
0.599975083680484;-0.4999672893306594;0.6000220671004451;379.4139778;0.2;0.01;0.03;0.0001;0.01;0.3;45
0.5999685163496878;-0.49997835018329057;0.600030995825543;379.5133362;0.2;0.01;0.03;0.0001;0.01;0.3;45
0.6000093399731785;-0.4999433313278525;0.6000333745741194;379.6134567;0.2;0.01;0.03;0.0001;0.01;0.3;45
0.5999642453078134;-0.4999934670600206;0.6000151076846971;379.7138884;0.2;0.01;0.03;0.0001;0.01;0.3;45
0.5999924263338334;-0.5000057123552821;0.5999933345327603;379.8146549;0.2;0.01;0.03;0.0001;0.01;0.3;45
0.6000045652012845;-0.4999793403142948;0.5999801175917211;379.9145404;0.2;0.01;0.03;0.0001;0.01;0.3;45
0.6000211366461332;-0.4999993988240594;0.5999415928246317;380.0183162;0.2;0.01;0.03;0.0001;0.01;0.3;45
0.5999950992480018;-0.5000296095591285;0.5999280152584562;380.1149143;0.2;0.01;0.03;0.0001;0.01;0.3;45
0.6000097340169263;-0.5000343823565143;0.5999458034545321;380.2165767;0.2;0.01;0.03;0.0001;0.01;0.3;45
0.6000095377500286;-0.4999900807049561;0.5999712908698837;380.3159961;0.2;0.01;0.03;0.0001;0.01;0.3;45
0.6000001309645494;-0.5000256428950535;0.5999521129888068;380.4183134;0.2;0.01;0.03;0.0001;0.01;0.3;45
0.6000363523079367;-0.4999975580694088;0.599965926460226;380.5175863;0.2;0.01;0.03;0.0001;0.01;0.3;45
0.6000049436021495;-0.5000384018828565;0.5999255475418321;380.615958;0.2;0.01;0.03;0.0001;0.01;0.3;45
0.5999982282129889;-0.5000152448082433;0.5999218449661612;380.7163218;0.2;0.01;0.03;0.0001;0.01;0.3;45
0.6000197108383234;-0.5000042570516973;0.5999786745918009;380.8223022;0.2;0.01;0.03;0.0001;0.01;0.3;45
0.6000033564314966;-0.5000187027860366;0.6000074666223837;380.9169453;0.2;0.01;0.03;0.0001;0.01;0.3;45
0.600011221318895;-0.5000294204780523;0.5999338176176945;381.0185202;0.2;0.01;0.03;0.0001;0.01;0.3;45
0.6000227819125334;-0.50000687351829;0.6000106519079436;381.1176025;0.2;0.01;0.03;0.0001;0.01;0.3;45
0.600030487025894;-0.5000172227631836;0.5999695854054091;381.2196082;0.2;0.01;0.03;0.0001;0.01;0.3;45
0.6000160251502553;-0.500010542795378;0.5999868885123671;381.3195333;0.2;0.01;0.03;0.0001;0.01;0.3;45
0.6000212565862677;-0.5000168593882359;0.5999687789601675;381.4357676;0.2;0.01;0.03;0.0001;0.01;0.3;45
0.600028483567772;-0.500028667724348;0.5999520255651543;381.5183223;0.2;0.01;0.03;0.0001;0.01;0.3;45
0.6000074831192658;-0.49999162483395276;0.6000116012911023;381.6184805;0.2;0.01;0.03;0.0001;0.01;0.3;45
0.6000286640791058;-0.5000313961040753;0.5999597720965194;381.719189;0.2;0.01;0.03;0.0001;0.01;0.3;45
0.6000040300985885;-0.5000343600569187;0.5999902060863158;381.8204822;0.2;0.01;0.03;0.0001;0.01;0.3;45
0.6000211352665006;-0.5000116171605067;0.5999798157029439;381.9239008;0.2;0.01;0.03;0.0001;0.01;0.3;45
0.6000210418419138;-0.5000478931422144;0.5999523576781057;382.0190455;0.2;0.01;0.03;0.0001;0.01;0.3;45
0.600003306160914;-0.5000284946652355;0.5999996431157967;382.1196361;0.2;0.01;0.03;0.0001;0.01;0.3;45
0.6000107017998159;-0.5000359299007701;0.5999523679440694;382.2492877;0.2;0.01;0.03;0.0001;0.01;0.3;45
0.6000144807764717;-0.500020079498922;0.5999791222892914;382.3196838;0.2;0.01;0.03;0.0001;0.01;0.3;45
0.6000244665453188;-0.49999970402857985;0.5999833425329206;382.4198633;0.2;0.01;0.03;0.0001;0.01;0.3;45
0.5999968055881488;-0.5000248280338747;0.5999933253975896;382.5210769;0.2;0.01;0.03;0.0001;0.01;0.3;45
0.6000127802532937;-0.5000220794098358;0.6000103332618062;382.7214079;0.2;0.01;0.03;0.0001;0.01;0.3;45
0.6000080128905847;-0.5000287989244117;0.5999746780735491;382.8221321;0.2;0.01;0.03;0.0001;0.01;0.3;45
0.6000317367518767;-0.4999943545315165;0.599957011871466;382.9658269;0.2;0.01;0.03;0.0001;0.01;0.3;45
0.6000029382392713;-0.5000103727634767;0.5999483018649917;383.029958;0.2;0.01;0.03;0.0001;0.01;0.3;45
0.6000088856138006;-0.500005410571876;0.5999696809682298;383.1487472;0.2;0.01;0.03;0.0001;0.01;0.3;45
0.600008639407438;-0.5000147758684714;0.5999941025517278;383.2223573;0.2;0.01;0.03;0.0001;0.01;0.3;45
0.600005520927808;-0.4999977683449928;0.5999664799611731;383.3478884;0.2;0.01;0.03;0.0001;0.01;0.3;45
0.6000341793315512;-0.49999588248833926;0.5999745855157952;383.4217155;0.2;0.01;0.03;0.0001;0.01;0.3;45
0.6000041965525919;-0.500007642517989;0.6000076662931442;383.52397;0.2;0.01;0.03;0.0001;0.01;0.3;45
0.6000337385699996;-0.5000074327652748;0.5999619647659025;383.6224349;0.2;0.01;0.03;0.0001;0.01;0.3;45
0.5999988333967279;-0.5000184688847418;0.6000047353215937;383.7236934;0.2;0.01;0.03;0.0001;0.01;0.3;45
0.6000060189311763;-0.5000160018296557;0.5999598441452031;383.8228207;0.2;0.01;0.03;0.0001;0.01;0.3;45
0.600010275561881;-0.5000082731357707;0.5999621292599105;383.924701;0.2;0.01;0.03;0.0001;0.01;0.3;45
0.6000244110664388;-0.49997044992048384;0.6000218482211362;384.0231445;0.2;0.01;0.03;0.0001;0.01;0.3;45
0.5999969554284319;-0.49997904143642397;0.600018724321494;384.1232695;0.2;0.01;0.03;0.0001;0.01;0.3;45
0.5999806151210082;-0.5000153942053899;0.6000476359810738;384.2237449;0.2;0.01;0.03;0.0001;0.01;0.3;45
0.5999712887975777;-0.49998507761124505;0.6000386693035609;384.3233457;0.2;0.01;0.03;0.0001;0.01;0.3;45
0.5999972748475513;-0.5000012223058914;0.600042050347133;384.4241308;0.2;0.01;0.03;0.0001;0.01;0.3;45
0.6000021034235523;-0.49995558729110606;0.6000704424450141;384.5244157;0.2;0.01;0.03;0.0001;0.01;0.3;45
0.6000072449260688;-0.4999861895834645;0.6000229898412134;384.625019;0.2;0.01;0.03;0.0001;0.01;0.3;45
0.5999964256762976;-0.49999720219826327;0.6000570019507101;384.7275094;0.2;0.01;0.03;0.0001;0.01;0.3;45
0.6000064310857613;-0.499974926088544;0.6000128445778441;384.8250496;0.2;0.01;0.03;0.0001;0.01;0.3;45
0.6000091081565957;-0.499957336358569;0.6000346462620904;384.9271376;0.2;0.01;0.03;0.0001;0.01;0.3;45
0.6000076330723176;-0.49997667989741656;0.6000460142566572;385.025938;0.2;0.01;0.03;0.0001;0.01;0.3;45
0.5999937238648138;-0.4999856361538879;0.6000191741971764;385.1290101;0.2;0.01;0.03;0.0001;0.01;0.3;45
0.5999685374977903;-0.5000027827719572;0.6000995140322544;385.2257252;0.2;0.01;0.03;0.0001;0.01;0.3;45
0.599990859133166;-0.500002968335374;0.6000011231739388;385.3273863;0.2;0.01;0.03;0.0001;0.01;0.3;45
0.5999909498854809;-0.49998120651245487;0.6000502321587529;385.4262126;0.2;0.01;0.03;0.0001;0.01;0.3;45
0.600003533133323;-0.49994564500528105;0.6000911495621444;385.5280693;0.2;0.01;0.03;0.0001;0.01;0.3;45
0.5999980375834864;-0.4999857142160991;0.6000467465211123;385.6271113;0.2;0.01;0.03;0.0001;0.01;0.3;45
0.6000126454157454;-0.4999605946311529;0.6000572469579549;385.7273789;0.2;0.01;0.03;0.0001;0.01;0.3;45
0.5999817747206424;-0.49996858284426166;0.6000414815296785;385.8693835;0.2;0.01;0.03;0.0001;0.01;0.3;45
0.5999975085380982;-0.4999967991956507;0.6000406231045855;385.9404196;0.2;0.01;0.03;0.0001;0.01;0.3;45
0.5999680490699494;-0.5000020526126477;0.6000550772425096;386.0311674;0.2;0.01;0.03;0.0001;0.01;0.3;45
0.5999866516576435;-0.49996432101340277;0.6000633009042108;386.1335066;0.2;0.01;0.03;0.0001;0.01;0.3;45
0.5999938455498731;-0.49998829201275996;0.6000291339294497;386.2528589;0.2;0.01;0.03;0.0001;0.01;0.3;45
0.5999840978497717;-0.49998923908460235;0.6000817844855327;386.3285434;0.2;0.01;0.03;0.0001;0.01;0.3;45
0.5999631606981322;-0.49998164843562243;0.6000694106364151;386.4290605;0.2;0.01;0.03;0.0001;0.01;0.3;45
0.5999735783430329;-0.4999864032823022;0.6000603314157594;386.5289216;0.2;0.01;0.03;0.0001;0.01;0.3;45
0.5999980556364866;-0.49995383366617335;0.6000722022279618;386.6300216;0.2;0.01;0.03;0.0001;0.01;0.3;45
0.59998674415427;-0.4999887247462564;0.6000556149020198;386.732033;0.2;0.01;0.03;0.0001;0.01;0.3;45
0.6000071658286383;-0.49997603634380117;0.6000553912256169;386.8300086;0.2;0.01;0.03;0.0001;0.01;0.3;45
0.6000084878551416;-0.49996616005672173;0.6000142801292611;386.9361433;0.2;0.01;0.03;0.0001;0.01;0.3;45
0.5999941300411709;-0.4999496688544968;0.6000666733766947;387.0302406;0.2;0.01;0.03;0.0001;0.01;0.3;45
0.5999824663596105;-0.4999914564379745;0.6000299973638978;387.1290326;0.2;0.01;0.03;0.0001;0.01;0.3;45
0.6000038882101596;-0.49999523992690514;0.600007980304783;387.2293178;0.2;0.01;0.03;0.0001;0.01;0.3;45
0.5999807356542056;-0.5000007360002813;0.600025982394976;387.3301862;0.2;0.01;0.03;0.0001;0.01;0.3;45
0.5999950395846948;-0.499987885758456;0.6000457690181413;387.4290696;0.2;0.01;0.03;0.0001;0.01;0.3;45
0.599995127366865;-0.4999711613145514;0.6000330143061017;387.5327974;0.2;0.01;0.03;0.0001;0.01;0.3;45
0.5999858819320988;-0.49998254342838566;0.599996871160848;387.6341082;0.2;0.01;0.03;0.0001;0.01;0.3;45
0.5999865452134423;-0.4999740591099288;0.6000076940846798;387.7302587;0.2;0.01;0.03;0.0001;0.01;0.3;45
0.6000039263458354;-0.49997815593042044;0.6000505723658582;387.8309597;0.2;0.01;0.03;0.0001;0.01;0.3;45
0.5999783471349022;-0.49999205760275206;0.5999992350735232;387.9309907;0.2;0.01;0.03;0.0001;0.01;0.3;45
0.5999886017374186;-0.49998978388110055;0.6000223178662442;388.0320761;0.2;0.01;0.03;0.0001;0.01;0.3;45
0.5999963415318512;-0.49998058563689785;0.5999861376690113;388.1323198;0.2;0.01;0.03;0.0001;0.01;0.3;45
0.5999836639489575;-0.500003246016764;0.5999771898998955;388.3277042;0.2;0.01;0.03;0.0001;0.01;0.3;45
0.6000248557662746;-0.4999738461917027;0.5999666417475877;388.3360758;0.2;0.01;0.03;0.0001;0.01;0.3;45
0.6000069486495243;-0.500007792226331;0.5999476883387409;388.4764912;0.2;0.01;0.03;0.0001;0.01;0.3;45
0.59999825188697;-0.5000248906247005;0.5999232124166362;388.5511741;0.2;0.01;0.03;0.0001;0.01;0.3;45
0.5999945144253431;-0.49999931285011995;0.5999839173029282;388.6499233;0.2;0.01;0.03;0.0001;0.01;0.3;45
0.600017955972551;-0.4999866494399283;0.6000023119350829;388.7506761;0.2;0.01;0.03;0.0001;0.01;0.3;45
0.6000256429399614;-0.49997266515729394;0.5999654597564916;388.8565944;0.2;0.01;0.03;0.0001;0.01;0.3;45
0.6000156283400674;-0.4999950817430233;0.5999192760624238;388.933639;0.2;0.01;0.03;0.0001;0.01;0.3;45
0.6000097244705713;-0.49999033784480457;0.5999675401039395;389.0343839;0.2;0.01;0.03;0.0001;0.01;0.3;45
0.5999953392090587;-0.5000078881049101;0.6000014559384124;389.1334365;0.2;0.01;0.03;0.0001;0.01;0.3;45
0.600035847813481;-0.5000017372882957;0.5998921205207574;389.233859;0.2;0.01;0.03;0.0001;0.01;0.3;45
0.6000146369992866;-0.5000108612741916;0.5999467705021994;389.336047;0.2;0.01;0.03;0.0001;0.01;0.3;45
0.6000024728652218;-0.5000124594621693;0.5999471248296605;389.4379122;0.2;0.01;0.03;0.0001;0.01;0.3;45
0.5999897722913182;-0.5000379688455117;0.5999652266645298;389.5347987;0.2;0.01;0.03;0.0001;0.01;0.3;45
0.5999867859332021;-0.49998905201276017;0.5999437859799748;389.6345385;0.2;0.01;0.03;0.0001;0.01;0.3;45
0.5999878511573438;-0.5000276329202021;0.5998902974311983;389.735051;0.2;0.01;0.03;0.0001;0.01;0.3;45
0.6000217876984769;-0.5000027751187719;0.5999398872029468;389.8381807;0.2;0.01;0.03;0.0001;0.01;0.3;45
0.6000153928114954;-0.4999873767840361;0.5999442233968446;389.9369035;0.2;0.01;0.03;0.0001;0.01;0.3;45
0.6000165349856385;-0.4999941238194088;0.5999700317884661;390.0554442;0.2;0.01;0.03;0.0001;0.01;0.3;45
0.600019034203722;-0.5000227680483476;0.5999372497512971;390.1469859;0.2;0.01;0.03;0.0001;0.01;0.3;45
0.6000201284532918;-0.500036830292745;0.5999438116421476;390.2655539;0.2;0.01;0.03;0.0001;0.01;0.3;45
0.5999979832934124;-0.49999778952141993;0.599975442449234;390.3366627;0.2;0.01;0.03;0.0001;0.01;0.3;45
0.6000331603926914;-0.49998275520399194;0.5999281451504858;390.4370826;0.2;0.01;0.03;0.0001;0.01;0.3;45
0.5999742018537426;-0.5000292703108319;0.5999831890729481;390.5364727;0.2;0.01;0.03;0.0001;0.01;0.3;45
0.5999972232289862;-0.5000380758510923;0.5999360875458882;390.6472678;0.2;0.01;0.03;0.0001;0.01;0.3;45
0.6000053745777024;-0.4999979380295339;0.5999671303745654;390.7418058;0.2;0.01;0.03;0.0001;0.01;0.3;45
0.6000100739855719;-0.5000129285895379;0.5999365850240593;390.8446069;0.2;0.01;0.03;0.0001;0.01;0.3;45
0.6000111495635043;-0.499982693988213;0.6000227851063674;390.9415044;0.2;0.01;0.03;0.0001;0.01;0.3;45
0.5999962958121449;-0.5000438088612983;0.5999368207988167;391.0694913;0.2;0.01;0.03;0.0001;0.01;0.3;45
0.5999983336314401;-0.5000397042548809;0.5999711322166768;391.1434437;0.2;0.01;0.03;0.0001;0.01;0.3;45
0.6000143587694641;-0.500017423126883;0.5999691627508148;391.2385813;0.2;0.01;0.03;0.0001;0.01;0.3;45
0.5999969576629822;-0.500037585912556;0.599971731573169;391.3387154;0.2;0.01;0.03;0.0001;0.01;0.3;45
0.6000037423024869;-0.5000412777678259;0.5999204097616491;391.4385087;0.2;0.01;0.03;0.0001;0.01;0.3;45
0.6000133731185259;-0.5000230843323931;0.5999721092443623;391.5399384;0.2;0.01;0.03;0.0001;0.01;0.3;45
0.600007799545421;-0.5000162557377537;0.5999940590149606;391.6414452;0.2;0.01;0.03;0.0001;0.01;0.3;45
0.6000074478276085;-0.5000232432648299;0.5999803364466647;391.7398217;0.2;0.01;0.03;0.0001;0.01;0.3;45
0.6000183433828453;-0.5000093847649404;0.5999422123907661;391.8403482;0.2;0.01;0.03;0.0001;0.01;0.3;45
0.6000122475554461;-0.49998698998883845;0.5999544509266999;391.9405498;0.2;0.01;0.03;0.0001;0.01;0.3;45
0.600028807559363;-0.5000217331212398;0.5999657208244324;392.0411188;0.2;0.01;0.03;0.0001;0.01;0.3;45
0.6000166225081089;-0.500006464185007;0.60000645470658;392.1412679;0.2;0.01;0.03;0.0001;0.01;0.3;45
0.6000204467738461;-0.4999978981804517;0.5999851303628695;392.2425691;0.2;0.01;0.03;0.0001;0.01;0.3;45
0.6000122947165095;-0.49999890334038644;0.5999939748668004;392.3455289;0.2;0.01;0.03;0.0001;0.01;0.3;45
0.599997367744459;-0.5000350921161014;0.5999754744582786;392.4412425;0.2;0.01;0.03;0.0001;0.01;0.3;45
0.6000160411964472;-0.5000197396444364;0.5999353304056654;392.5424478;0.2;0.01;0.03;0.0001;0.01;0.3;45
0.6000037992973355;-0.5000139818881759;0.5999781210421073;392.6444074;0.2;0.01;0.03;0.0001;0.01;0.3;45
0.6000160616537051;-0.5000027739292106;0.5999532843131372;392.7416296;0.2;0.01;0.03;0.0001;0.01;0.3;45
0.6000062703753878;-0.5000110169667052;0.599934323542392;392.8421947;0.2;0.01;0.03;0.0001;0.01;0.3;45
0.5999901081078862;-0.5000013161089769;0.5999905095572449;392.9463505;0.2;0.01;0.03;0.0001;0.01;0.3;45
0.600008570261455;-0.49999538697767054;0.5999751251030738;393.0457348;0.2;0.01;0.03;0.0001;0.01;0.3;45
0.6000132859360555;-0.5000080116971783;0.5999505100724436;393.1426473;0.2;0.01;0.03;0.0001;0.01;0.3;45
0.5999944667444564;-0.5000132105622108;0.5999848015122362;393.2433597;0.2;0.01;0.03;0.0001;0.01;0.3;45
0.6000208698095386;-0.5000032253070169;0.5999733541977447;393.3427852;0.2;0.01;0.03;0.0001;0.01;0.3;45
0.600024929848305;-0.5000099832935964;0.6000003820197568;393.4439541;0.2;0.01;0.03;0.0001;0.01;0.3;45
0.6000205168753117;-0.49998081009564693;0.5999770005309975;393.5435376;0.2;0.01;0.03;0.0001;0.01;0.3;45
0.5999805250635742;-0.5000098465346482;0.6000504168514254;393.6448751;0.2;0.01;0.03;0.0001;0.01;0.3;45
0.6000142776583495;-0.4999361432907832;0.600017964767941;393.7441922;0.2;0.01;0.03;0.0001;0.01;0.3;45
0.6000167322521235;-0.49997440354115913;0.6000046701038205;393.8456176;0.2;0.01;0.03;0.0001;0.01;0.3;45
0.600011049860949;-0.4999821187138703;0.5999717348607724;393.9449174;0.2;0.01;0.03;0.0001;0.01;0.3;45
0.5999998461802916;-0.4999760123131177;0.5999785321730277;394.0454034;0.2;0.01;0.03;0.0001;0.01;0.3;45
0.5999931615591988;-0.49997729990337053;0.5999879679299822;394.1479699;0.2;0.01;0.03;0.0001;0.01;0.3;45
0.600000527747106;-0.49997964534889994;0.6000022205296537;394.2450085;0.2;0.01;0.03;0.0001;0.01;0.3;45
0.6000101650943468;-0.4999854651768487;0.6000135987527471;394.3453935;0.2;0.01;0.03;0.0001;0.01;0.3;45
0.5999908693126177;-0.49998298947972286;0.6000395120043933;394.4458992;0.2;0.01;0.03;0.0001;0.01;0.3;45
0.5999992618354936;-0.4999849205132087;0.6000107932969032;394.5475833;0.2;0.01;0.03;0.0001;0.01;0.3;45
0.5999886331705716;-0.5000013353296922;0.599979500486497;394.6459586;0.2;0.01;0.03;0.0001;0.01;0.3;45
0.5999765617959684;-0.4999741278907872;0.6000434003549538;394.746539;0.2;0.01;0.03;0.0001;0.01;0.3;45
0.6000088688020286;-0.4999981298358044;0.6000098287969754;394.846811;0.2;0.01;0.03;0.0001;0.01;0.3;45
0.5999935748770447;-0.4999949292466415;0.6000166646051167;394.9468257;0.2;0.01;0.03;0.0001;0.01;0.3;45
0.5999934139854041;-0.49997523448027037;0.6000268709080997;395.0483539;0.2;0.01;0.03;0.0001;0.01;0.3;45
0.600002146942625;-0.49996004485439205;0.6000196850673595;395.1496628;0.2;0.01;0.03;0.0001;0.01;0.3;45
0.5999946868114414;-0.49999431118926885;0.5999776250369107;395.2468695;0.2;0.01;0.03;0.0001;0.01;0.3;45
0.5999746915835105;-0.49998777970898967;0.600066246562042;395.3482753;0.2;0.01;0.03;0.0001;0.01;0.3;45
0.5999822815192634;-0.499997939946238;0.6000255336774373;395.4472168;0.2;0.01;0.03;0.0001;0.01;0.3;45
0.6000021749791301;-0.4999993131859075;0.6000018371575537;395.5484043;0.2;0.01;0.03;0.0001;0.01;0.3;45
0.5999787250424563;-0.5000018880054501;0.6000124441082614;395.6485286;0.2;0.01;0.03;0.0001;0.01;0.3;45
0.5999900577143283;-0.4999842850632447;0.6000118615222956;395.7479784;0.2;0.01;0.03;0.0001;0.01;0.3;45
0.599992070467876;-0.49998011348586724;0.6000446497616749;395.8480343;0.2;0.01;0.03;0.0001;0.01;0.3;45
0.6000037853825911;-0.49998251884717687;0.6000304475004926;395.9567918;0.2;0.01;0.03;0.0001;0.01;0.3;45
0.5999976588418832;-0.49998475492577965;0.6000013220684511;396.0500905;0.2;0.01;0.03;0.0001;0.01;0.3;45
0.5999988467365508;-0.5000108913031943;0.5999986626541424;396.149409;0.2;0.01;0.03;0.0001;0.01;0.3;45
0.5999964572605145;-0.4999849047315141;0.6000468583581048;396.2515215;0.2;0.01;0.03;0.0001;0.01;0.3;45
0.5999831554233741;-0.49999935809446994;0.6000339738764539;396.3540853;0.2;0.01;0.03;0.0001;0.01;0.3;45
0.5999919404494303;-0.49998483588674486;0.6000157065038602;396.4502769;0.2;0.01;0.03;0.0001;0.01;0.3;45
0.5999964689306969;-0.5000069639773447;0.5999673785596534;396.5498577;0.2;0.01;0.03;0.0001;0.01;0.3;45
0.6000046658466435;-0.49998146629987045;0.6000273901965435;396.6496962;0.2;0.01;0.03;0.0001;0.01;0.3;45
0.5999792324986024;-0.5000003217174516;0.600016888453049;396.7530441;0.2;0.01;0.03;0.0001;0.01;0.3;45
0.5999740087497551;-0.4999892613469004;0.6000370582019974;396.8506448;0.2;0.01;0.03;0.0001;0.01;0.3;45
0.5999832536819268;-0.49999719371773266;0.5999932920416942;396.9557406;0.2;0.01;0.03;0.0001;0.01;0.3;45
0.6000173860652221;-0.49997064932355184;0.6000510786893843;397.0522726;0.2;0.01;0.03;0.0001;0.01;0.3;45
0.5999820268921123;-0.5000097476579806;0.6000091628047791;397.1538054;0.2;0.01;0.03;0.0001;0.01;0.3;45
0.5999947606480751;-0.4999478433077107;0.6000166545497303;397.2510456;0.2;0.01;0.03;0.0001;0.01;0.3;45
0.5999946464448425;-0.5000063567560231;0.5999927035318291;397.3517401;0.2;0.01;0.03;0.0001;0.01;0.3;45
0.6000056737718634;-0.49998313272803313;0.6000262591156024;397.4529793;0.2;0.01;0.03;0.0001;0.01;0.3;45
0.600015918244036;-0.49996819893922273;0.6000285721019274;397.5522275;0.2;0.01;0.03;0.0001;0.01;0.3;45
0.6000047431788346;-0.49997397606279037;0.6000660148241252;397.6519476;0.2;0.01;0.03;0.0001;0.01;0.3;45
0.5999861958089375;-0.49998028318953;0.6000544272710661;397.7529506;0.2;0.01;0.03;0.0001;0.01;0.3;45
0.5999943241648283;-0.49997180090872095;0.6000661297764914;397.8524542;0.2;0.01;0.03;0.0001;0.01;0.3;45
0.6000044431281156;-0.49999564154176085;0.6000001669190003;397.9530464;0.2;0.01;0.03;0.0001;0.01;0.3;45
0.5999896281294065;-0.49998834653853214;0.5999996117477899;398.0530174;0.2;0.01;0.03;0.0001;0.01;0.3;45
0.60000762174073;-0.4999594568323459;0.6000385734353412;398.1537248;0.2;0.01;0.03;0.0001;0.01;0.3;45
0.5999980085373973;-0.49999770222252965;0.6000565648835406;398.2558666;0.2;0.01;0.03;0.0001;0.01;0.3;45
0.5999768107006264;-0.4999893901666506;0.600059725911944;398.3537934;0.2;0.01;0.03;0.0001;0.01;0.3;45
0.5999894141550556;-0.4999762404266543;0.6000719918221042;398.4541157;0.2;0.01;0.03;0.0001;0.01;0.3;45
0.6000116783122584;-0.4999860497694886;0.5999941979119009;398.5532869;0.2;0.01;0.03;0.0001;0.01;0.3;45
0.599974916076226;-0.4999935765074303;0.600053895153133;398.6539942;0.2;0.01;0.03;0.0001;0.01;0.3;45
0.6000190791991026;-0.49997861582070413;0.5999798880163111;398.7576366;0.2;0.01;0.03;0.0001;0.01;0.3;45
0.5999797718900979;-0.4999843172826099;0.6000523816901215;398.8585792;0.2;0.01;0.03;0.0001;0.01;0.3;45
0.6000011771066092;-0.49999059160391707;0.6000054021480413;398.9695818;0.2;0.01;0.03;0.0001;0.01;0.3;45
0.6000024430300921;-0.4999853163868024;0.5999968293298891;399.0553761;0.2;0.01;0.03;0.0001;0.01;0.3;45
0.60000776435485;-0.49997943025803704;0.5999711151316599;399.1725243;0.2;0.01;0.03;0.0001;0.01;0.3;45
0.5999902487792805;-0.4999967649913348;0.5999909581264302;399.2607071;0.2;0.01;0.03;0.0001;0.01;0.3;45
0.5999984163975819;-0.49997137533116415;0.6000222120105221;399.3576309;0.2;0.01;0.03;0.0001;0.01;0.3;45
0.59999287526556;-0.5000109277847639;0.6000103909315827;399.4564186;0.2;0.01;0.03;0.0001;0.01;0.3;45
0.5999784714350714;-0.49999911683673615;0.6000604617629329;399.5568679;0.2;0.01;0.03;0.0001;0.01;0.3;45
0.5999900131792509;-0.4999963245743281;0.6000270150850314;399.6593033;0.2;0.01;0.03;0.0001;0.01;0.3;45
0.5999811465343987;-0.49999621995533855;0.6000766083600936;399.7580993;0.2;0.01;0.03;0.0001;0.01;0.3;45
0.5999914382511616;-0.5000156786131982;0.6000300449093124;399.8614907;0.2;0.01;0.03;0.0001;0.01;0.3;45
0.5999973815761596;-0.499996409804395;0.6000171796250968;399.9596511;0.2;0.01;0.03;0.0001;0.01;0.3;45
0.5999952808138885;-0.4999782347125526;0.6000483459947281;400.0603912;0.2;0.01;0.03;0.0001;0.01;0.3;45
0.6000032728962201;-0.5000255979022153;0.5999912465270164;400.1598477;0.2;0.01;0.03;0.0001;0.01;0.3;45
0.6000200597239654;-0.49999457241188633;0.6000381244623775;400.2575909;0.2;0.01;0.03;0.0001;0.01;0.3;45
0.6000156766272053;-0.4999924228573024;0.6000189188061281;400.3609007;0.2;0.01;0.03;0.0001;0.01;0.3;45
0.6000181038462001;-0.5000162795522122;0.5999551364937827;400.4594015;0.2;0.01;0.03;0.0001;0.01;0.3;45
0.600004635195073;-0.5000230915164924;0.5999638009986736;400.5593621;0.2;0.01;0.03;0.0001;0.01;0.3;45
0.6000040780304082;-0.5000076272170948;0.5999807092799079;400.6620913;0.2;0.01;0.03;0.0001;0.01;0.3;45
0.6000105769741523;-0.4999865835611746;0.5999756873613812;400.7587198;0.2;0.01;0.03;0.0001;0.01;0.3;45
0.6000047506866477;-0.5000013957110151;0.6000144343054794;400.8591093;0.2;0.01;0.03;0.0001;0.01;0.3;45
0.6000152376561637;-0.4999942313466708;0.5999837667066166;400.9597701;0.2;0.01;0.03;0.0001;0.01;0.3;45
0.6000207447437714;-0.4999910755625353;0.5999699931153811;401.0630941;0.2;0.01;0.03;0.0001;0.01;0.3;45
0.6000090330144207;-0.5000326835606382;0.5999655458649875;401.1596117;0.2;0.01;0.03;0.0001;0.01;0.3;45
0.6000100240393139;-0.5000199048932022;0.599973067150678;401.2596489;0.2;0.01;0.03;0.0001;0.01;0.3;45
0.5999818964722232;-0.5000000695649615;0.600017298799066;401.360575;0.2;0.01;0.03;0.0001;0.01;0.3;45
0.5999963885571291;-0.5000238825617667;0.6000040031869918;401.4617418;0.2;0.01;0.03;0.0001;0.01;0.3;45
0.6000127458371503;-0.4999949946901778;0.6000141909134934;401.5617494;0.2;0.01;0.03;0.0001;0.01;0.3;45
0.5999962886235273;-0.500026224742821;0.6000173760874422;401.6634192;0.2;0.01;0.03;0.0001;0.01;0.3;45
0.5999967120942795;-0.5000467464755133;0.5999711721528348;401.7655699;0.2;0.01;0.03;0.0001;0.01;0.3;45
0.6000127498556953;-0.5000195228269088;0.5999462080170165;401.8611627;0.2;0.01;0.03;0.0001;0.01;0.3;45
0.6000350906180201;-0.5000123281777513;0.5999679008143627;401.9626027;0.2;0.01;0.03;0.0001;0.01;0.3;45
0.6000251136859176;-0.5000030748439674;0.5999817121126402;402.0621207;0.2;0.01;0.03;0.0001;0.01;0.3;45
0.5999899570786721;-0.5000181690987031;0.6000305334942115;402.1619475;0.2;0.01;0.03;0.0001;0.01;0.3;45
0.6000074357747509;-0.5000081589755825;0.5999955630942886;402.2624696;0.2;0.01;0.03;0.0001;0.01;0.3;45
0.6000263083099142;-0.5000026695767936;0.5999983471875213;402.3625906;0.2;0.01;0.03;0.0001;0.01;0.3;45
0.6000082929084213;-0.500029184548294;0.5999690518409588;402.4710969;0.2;0.01;0.03;0.0001;0.01;0.3;45
0.6000150180474058;-0.5000158511788887;0.5999445377320842;402.5646668;0.2;0.01;0.03;0.0001;0.01;0.3;45
0.6000102545585947;-0.5000128412579186;0.5999886376360402;402.6629824;0.2;0.01;0.03;0.0001;0.01;0.3;45
0.5999929028796401;-0.5000404531062999;0.5999700097344208;402.7629206;0.2;0.01;0.03;0.0001;0.01;0.3;45
0.6000075466429658;-0.4999914977826412;0.5999843322953842;402.8636759;0.2;0.01;0.03;0.0001;0.01;0.3;45
0.600017045570449;-0.5000144277641635;0.5999777563380352;402.9635699;0.2;0.01;0.03;0.0001;0.01;0.3;45
0.6000191109883187;-0.5000128000323876;0.6000198292091056;403.0637054;0.2;0.01;0.03;0.0001;0.01;0.3;45
0.600018081822018;-0.499998800470855;0.600005673733672;403.1636077;0.2;0.01;0.03;0.0001;0.01;0.3;45
0.6000251553217943;-0.500032494499036;0.5999713484468018;403.2638616;0.2;0.01;0.03;0.0001;0.01;0.3;45
0.6000145415569109;-0.5000199747822182;0.6000042184306588;403.3648936;0.2;0.01;0.03;0.0001;0.01;0.3;45
0.6000105087102302;-0.5000133389857901;0.5999541790718428;403.4675649;0.2;0.01;0.03;0.0001;0.01;0.3;45
0.6000128573002855;-0.5000051566874545;0.5999737838658252;403.5642785;0.2;0.01;0.03;0.0001;0.01;0.3;45
0.6000071766004772;-0.5000126947338875;0.5999681575836294;403.6661503;0.2;0.01;0.03;0.0001;0.01;0.3;45
0.6000076660560063;-0.5000279181272858;0.599981957044292;403.7648871;0.2;0.01;0.03;0.0001;0.01;0.3;45
0.6000169208164058;-0.5000019702987253;0.5999698003969851;403.8651237;0.2;0.01;0.03;0.0001;0.01;0.3;45
0.6000107511051753;-0.5000015225613399;0.6000217327065703;403.9720473;0.2;0.01;0.03;0.0001;0.01;0.3;45
0.6000021397874573;-0.5000018924321011;0.5999845772406093;404.0655112;0.2;0.01;0.03;0.0001;0.01;0.3;45
0.6000155706292721;-0.5000144470271363;0.599966747388512;404.1663675;0.2;0.01;0.03;0.0001;0.01;0.3;45
0.6000264322996687;-0.5000176296993243;0.5999617462459234;404.2674413;0.2;0.01;0.03;0.0001;0.01;0.3;45
0.5999999011658822;-0.500027255464744;0.5999977711650641;404.3675438;0.2;0.01;0.03;0.0001;0.01;0.3;45
0.6000289675181891;-0.5000095445822957;0.5999506433203616;404.4673706;0.2;0.01;0.03;0.0001;0.01;0.3;45
0.6000215694777977;-0.5000120267028808;0.5999974102854226;404.6164778;0.2;0.01;0.03;0.0001;0.01;0.3;45
0.5999922100980526;-0.5000147808904223;0.5999715358273268;404.6667804;0.2;0.01;0.03;0.0001;0.01;0.3;45
0.6000027198356689;-0.5000319378108283;0.5999908456200158;404.830007;0.2;0.01;0.03;0.0001;0.01;0.3;45
0.6000026978262606;-0.5000244357366234;0.6000120701239942;404.8688092;0.2;0.01;0.03;0.0001;0.01;0.3;45
0.6000383202748572;-0.5000126747956629;0.599984292406328;404.9721045;0.2;0.01;0.03;0.0001;0.01;0.3;45
0.6000183899232846;-0.5000287110210957;0.599959665736141;405.0693544;0.2;0.01;0.03;0.0001;0.01;0.3;45
0.6000000310081851;-0.5000129515200233;0.6000268703320467;405.1697142;0.2;0.01;0.03;0.0001;0.01;0.3;45
0.5999956013183461;-0.5000250635479904;0.6000051851518988;405.2691099;0.2;0.01;0.03;0.0001;0.01;0.3;45
0.6000025331540882;-0.5000316807155644;0.599994596407545;405.3738495;0.2;0.01;0.03;0.0001;0.01;0.3;45
0.6000159316797007;-0.5000026620076932;0.6000112613538625;405.4696514;0.2;0.01;0.03;0.0001;0.01;0.3;45
0.6000098086916134;-0.5000171199135316;0.5999649829610819;405.5699183;0.2;0.01;0.03;0.0001;0.01;0.3;45
0.6000146370803415;-0.49999566938539586;0.5999811978584537;405.6715407;0.2;0.01;0.03;0.0001;0.01;0.3;45
0.6000144449512387;-0.4999927139523059;0.6000099044788826;405.7706115;0.2;0.01;0.03;0.0001;0.01;0.3;45
0.6000059173076957;-0.49998870276339774;0.6000466992133434;405.8714844;0.2;0.01;0.03;0.0001;0.01;0.3;45
0.5999950809286828;-0.5000218000407601;0.5999489137006875;405.9701883;0.2;0.01;0.03;0.0001;0.01;0.3;45
