0.6065235179031614;0.09157888980603328;0.6353472293609633;3.2686977
0.6065114614982848;0.09157729998440624;0.6353254231648474;3.3674774
0.6065140316973088;0.0916160270793267;0.6353404646687814;3.4675838
0.6064635991497594;0.0924087990387223;0.6352163690541895;3.5682584
0.6062820885753752;0.0964635737205193;0.634371227395252;3.6679254
0.6060127194012597;0.10267778083100329;0.632832090820513;3.7679989
0.6057992779384271;0.10949099372835859;0.6311478979346327;3.8683453
0.6055063179667748;0.11548009854103099;0.6296625951595398;3.9689042
0.6051622137335152;0.12186230568176183;0.6282904213450299;4.0686014
0.6049196264701288;0.1274080496920264;0.6269766360789885;4.1717851
0.6047359561108372;0.13319452022225492;0.6254723503016214;4.2734327
0.6045217965685068;0.13871478298866438;0.6241201733528638;4.3693908
0.604276213321132;0.14352041960331274;0.6230562127503122;4.4707177
0.6040151379259192;0.14860311332432333;0.6219219084173211;4.5728286
0.6038431392611749;0.15316103296760097;0.6208897795649883;4.6701776
0.6036471314840743;0.15782874287479506;0.6198832970156938;4.7703983
0.6034796461709184;0.16184774787788633;0.6190073411657918;4.8722656
0.6032793978571431;0.16608897929707164;0.618172681129776;4.9712498
0.60311666039566;0.16986077691960547;0.6173329384687491;5.0710254
0.6030182875627715;0.1736827369084183;0.616448637880539;5.1712529
0.602932260686787;0.1771367062229082;0.6156311644942565;5.2722468
0.6027863368381848;0.18068706603055254;0.6148300444059066;5.3729478
0.602597175451429;0.18383822007717038;0.6142391461114858;5.4779163
0.6025110181369039;0.18700688003525767;0.6134675850609551;5.5721909
0.6024067255403751;0.1898575841319493;0.6128375690251677;5.6725971
0.6023281634187996;0.1927926167054258;0.6121536251719231;5.7724857
0.6021846449499937;0.19548333211660038;0.6116513664032571;5.8729445
0.6020648970575462;0.19805587732461463;0.6110927425350688;5.9745469
0.6019207267078978;0.20066567708463048;0.6106004355399425;6.0732938
0.6018150434313275;0.20287077355965588;0.6100492208147136;6.1734963
0.6017623306677604;0.20509633117905157;0.6095919778158818;6.2742578
0.6016828744985453;0.20723642042257837;0.6091352050565925;6.377243
0.601631825853668;0.20931192456502962;0.6085984330612457;6.4742301
0.6015528532242217;0.21110109281662828;0.608242850247424;6.5743355
0.6014377340544553;0.21310726893911341;0.6078558287419233;6.6751529
0.6013553277929976;0.21480946926227268;0.6075389825467463;6.775587
0.6012982462495814;0.21645553649141291;0.6072076822672604;6.876243
0.6012702622994865;0.2179952300857049;0.6068555946199928;6.9756517
0.6011966797008296;0.21963137265276345;0.6064512439198331;7.0754814
0.6011281753442976;0.2210371618545942;0.6061926000312033;7.176284
0.6011358260350936;0.22238628003195082;0.6058332293129373;7.2759046
0.601096021794342;0.22359768177298064;0.605590070814407;7.3759997
0.6010168444215132;0.22498785252988035;0.6053299647906405;7.476626
0.6009322671313213;0.22616507472871658;0.6051270888915847;7.5767901
0.6008897762858321;0.22732408785983746;0.6048812265302648;7.6877143
0.6008579514616765;0.2284414049904308;0.6046469653912582;7.7785128
0.600778423847009;0.22938866335228483;0.6044733222737886;7.8791341
0.6007342946821151;0.23040130609285822;0.6042483663167953;7.9789845
0.6007045493086921;0.23133132226536227;0.6040295183018825;8.0794934
0.6006505351930584;0.23232788080494646;0.603826289335083;8.1818449
0.6006249399023113;0.23311912565834905;0.6036538119908714;8.2799706
0.600585664642157;0.23394397046210347;0.6034656147628449;8.3932203
0.6005781596022474;0.23460787563774615;0.6033394129056737;8.4805698
0.6005845158205393;0.235347576368799;0.6031539663284866;8.5809185
0.6005476777984902;0.23601976492658347;0.6029752360144989;8.6830051
0.6005299356088261;0.23670773000139755;0.602898745160792;8.7847078
0.6005144161045111;0.23732972746530484;0.6027358431262533;8.8823434
0.6004901639266003;0.2380310956627412;0.6025746708910926;8.9877371
0.6004317116119957;0.23857804008162223;0.6024565337674088;9.083164
0.6004036957166029;0.2391685842611334;0.6023574031229135;9.1842085
0.6004070646248207;0.2396470552086105;0.6022588535972884;9.2968274
0.6003904700445136;0.24013449426920408;0.6020791151147837;9.4045915
0.6003826633415383;0.24055876645972127;0.6020087464522914;9.5005043
0.6003675681714616;0.24099391760343983;0.6019050958123789;9.5834305
0.6003535179989461;0.24145262971387457;0.6018089383286884;9.6829767
0.6003391047438202;0.24181733526848925;0.6017505262920487;9.7846404
0.6003373148805128;0.24223086357371476;0.601654409407403;9.8866325
0.6002880379881678;0.242616841819262;0.601574161423211;9.9843371
0.6002732500706818;0.24295757741126162;0.6015401379070637;10.0865997
0.6002661727873541;0.24332447605940635;0.6014537672582713;10.1840239
0.6002382158955274;0.24363761028164252;0.6014022228348807;10.2842105
0.6002219724110944;0.24397860475669458;0.6013787990514232;10.3856491
0.6002056158932626;0.24427085395127132;0.6012501561818095;10.4986576
0.6001898585177984;0.24454834294135372;0.6012344254809465;10.5872578
0.6001969781479211;0.24481155118454181;0.6010975165729009;10.7431544
0.6001725623958483;0.24506090296343713;0.6010867357391944;10.7861077
0.6001568684598;0.24531815579712468;0.6010418451781094;10.8872764
0.6001702691439877;0.24550703652368225;0.6010067117953144;10.9861129
0.6001573742292694;0.2457138304978502;0.6009922655335275;11.0873604
0.6001456847368026;0.24591646293095862;0.6009033040037602;11.1874308
0.6001284640968181;0.2461193547949219;0.6008719063402979;11.2869026
0.6001421470402207;0.24629443992138242;0.6008320521487989;11.3869257
0.6001291841874561;0.2464626977834214;0.6008096761672389;11.530702
0.6001377730953302;0.24661640054476278;0.6007224538734016;11.587181
0.6001326990101191;0.2467472554243309;0.6007029431989208;11.6872274
0.6001025363584718;0.246918078886502;0.6006618305675203;11.7894682
0.6001160362011011;0.24707507621498048;0.6006236355272422;11.8900653
0.6001297995926204;0.2471976084372687;0.6006032799942539;11.9884418
0.6001373148722912;0.2473452141528393;0.6005282174470735;12.0894879
0.600127478546323;0.2474926572395811;0.6004772539429405;12.1902266
0.6001011229291763;0.24761343587089615;0.6005340962757366;12.2895552
0.6000967791088102;0.24771814708965875;0.6004681671003169;12.3902792
0.6001067348646577;0.24780878664021525;0.6004752647438305;12.4912807
0.6000998944660152;0.24792883356151504;0.6004500138104697;12.5897924
0.6000755534009415;0.24799556051406585;0.6004624186952651;12.691376
0.6000965638661967;0.24814134826414044;0.600377691271982;12.7931066
0.600081335805359;0.24820036921164254;0.6003594963127823;12.8916447
0.6000503702880099;0.2482905787226793;0.6004244581575727;12.9933694
0.6000651622441111;0.24834647521702152;0.6003686642921564;13.0951158
0.6000661624479492;0.24848665430592887;0.6003506758467275;13.1937698
0.6000479364828871;0.2485203292765054;0.6003294930884797;13.2926071
0.6000901213121217;0.24861025521524888;0.600268957177415;13.3922578
0.6000808511995371;0.24866262870865966;0.6002561431188788;13.4928876
0.6000693740322695;0.24872552082199723;0.6002527443001469;13.5954397
0.600032646504834;0.24883202740842164;0.6002524086837396;13.6956123
0.6000370910613978;0.24886253181125345;0.6002172597535494;13.7921572
0.6000411705172038;0.2489408678036401;0.6001900575681598;13.9024869
0.6000460121146313;0.24899034038154996;0.6001715696022063;13.9954159
0.6000518009382331;0.249033791840576;0.6001906791270964;14.0939465
0.6000539018389135;0.24907657656148885;0.6002216444595592;14.1940516
0.6000042555136857;0.2491206020620666;0.6002343237072909;14.2939837
0.6000330893678281;0.24916394942409598;0.6001924906273043;14.3966009
0.6000368081372319;0.24920681257594723;0.6001793056329721;14.4962438
0.6000220521317645;0.24925038390819398;0.6001354232038785;14.5935828
0.6000426895688278;0.24924519930581068;0.6001593389939832;14.6939179
0.6000470325571082;0.24929928111261904;0.6001460805942301;14.7954502
0.6000410120588225;0.24933253438973202;0.6001188839981709;14.9012254
0.600035412660363;0.24935754002324653;0.6001437538877121;14.9956074
0.6000459926531628;0.2493550616806739;0.6001457826330845;15.0953872
0.6000230778314322;0.24941731817228943;0.6001281565912202;15.1953527
0.600026825514189;0.24946048910550617;0.600125848395011;15.297068
0.6000336726222028;0.24947563141392604;0.6000500745272639;15.3948042
0.6000238733388608;0.24950007405058658;0.6000723361980622;15.4971753
0.6000227666088849;0.2495248504320092;0.6000834414649717;15.594979
0.6000429063323087;0.2495352421193826;0.6000656819211674;15.696431
0.6000361369407937;0.24956530131280946;0.6001152315510155;15.7997041
0.6000285225834183;0.24961039524389575;0.6000465083808627;15.8959499
0.6000384130622742;0.2496171381110516;0.600084836048057;16.0530431
0.6000133279690479;0.24960712154998896;0.6001141109565653;16.0964004
0.6000478967050004;0.2496409465754993;0.6000395733049602;16.2044939
0.6000504936361059;0.24963817013602654;0.60004684508036;16.2976356
0.6000060738853278;0.2496851843493774;0.6000683935632021;16.397034
0.6000186501046079;0.24969863696439815;0.6000362087247028;16.4984063
0.6000113125138227;0.2496939286543069;0.6000358345697188;16.5976005
0.6000177829940655;0.24974539371922594;0.6000256211886049;16.6978857
0.6000026016852098;0.2497139904867572;0.600052985446682;16.8005086
0.6000054897132522;0.2497131047366842;0.6000515652301694;16.8982117
0.6000134358802965;0.24972545504821692;0.6000269813439189;16.9995015
0.6000119468906843;0.2497675005113789;0.60003016360434;17.0986465
0.6000284057588664;0.24976459846997306;0.6000379512780623;17.2001109
0.6000048932115845;0.24979412625243072;0.6000737306186827;17.2991051
0.6000198248320981;0.24982649898264706;0.5999933811830248;17.4000397
0.6000395595860581;0.2497982108794404;0.6000514663519974;17.5016558
0.6000380635717107;0.24981624778070863;0.6000054822526822;17.5996171
0.599985541941723;0.24984128374433878;0.6000493386714951;17.7018636
0.6000050339279858;0.24985489256563737;0.6000517090516845;17.7998765
0.6000009970157956;0.24987436549275954;0.600046747913313;17.9020969
0.6000240264059499;0.2498635822080453;0.6000052245337102;18.0452159
0.6000448021954766;0.24974463586392123;0.6000411749496799;18.1005501
0.6001095777449561;0.24739755347201173;0.6001152347052713;18.2072557
0.600117000051658;0.24146319367249114;0.599977790444401;18.3021232
0.5999597519390831;0.23237709637698678;0.6000704268974127;18.40415
0.5999726464261678;0.22107534719036556;0.6000522166099892;18.5037934
0.5999784404316448;0.20711084179565473;0.5999377561818858;18.6036396
0.5998985742826215;0.19419855530076618;0.6000145975988287;18.7044578
0.5999019167355929;0.18053469889895318;0.6002016471744132;18.8039216
0.6000070175599865;0.16792589056635795;0.5999606508317876;18.9041962
0.6000280624420118;0.15438986625789655;0.5999696955693263;19.0089
0.5999974352745845;0.142022456205561;0.5999831447639039;19.1072858
0.6000006575583406;0.12886129478476632;0.6000014885304374;19.2040016
0.5999950020058926;0.1170471465542915;0.6000198135015816;19.3037091
0.6000311443782819;0.10437912438074971;0.5999188808091439;19.4039529
0.5999843625741499;0.09287414985250428;0.6000013556168858;19.5039139
0.5999494248593861;0.08057520171388441;0.5999713865477558;19.6115578
0.5999889148453424;0.06935220116222193;0.6000387612447056;19.7046242
0.5999812586487632;0.05743863059190013;0.6000735990012297;19.8043261
0.5999698408250446;0.04669603637111188;0.6000357019148286;19.9053452
0.6000129678877464;0.035266638058204576;0.5999163875769273;20.0081685
0.6000282727967706;0.02487202512083215;0.599960252275461;20.1048035
0.5999919296991145;0.014100529153461197;0.600002832116489;20.2058246
0.5999982183680348;0.003532228073396492;0.6001016915917796;20.305155
0.5999816835705164;-0.005953908288215511;0.600194476732281;20.4053959
0.6000352894432862;-0.016001110477945515;0.6001009456333213;20.5055501
0.6000842157060475;-0.025059045363837875;0.5999596477034846;20.6085529
0.6000516085724398;-0.03457944258768156;0.5999133689394964;20.7080293
0.5999478194181536;-0.043114607030170254;0.5999526881418484;20.8073769
0.5998912957435604;-0.05202953974580077;0.6000635030201923;20.9079779
0.5998913083434508;-0.060154462063853865;0.6000335525398626;21.0100189
0.5999358520005723;-0.0685927318758983;0.5999604116314573;21.1075914
0.5999802556668632;-0.07599842243792451;0.5999941009023564;21.2132436
0.6000182480591764;-0.0838543046645084;0.5999011427119414;21.3078445
0.600021872520504;-0.09078720714159595;0.5999614138918049;21.407497
0.6000430244747034;-0.09798607989754031;0.5999582757901128;21.5091651
0.6000283262890832;-0.10435451240647622;0.6000478369483709;21.6097142
0.5999718394007717;-0.11105104770210056;0.60004824347103;21.7088668
0.5999866156381418;-0.1169988565362989;0.6000484821092397;21.8104475
0.5999699327174721;-0.12322795155529387;0.6000351059605776;21.9090981
0.5999927780939927;-0.12928072023942744;0.5999651485966143;22.0092998
0.6000436783810555;-0.13454038845035202;0.5999236614868875;22.1100678
0.6000471446102;-0.13993181740727692;0.5999658014578949;22.210635
0.6000324337421278;-0.1447203210699038;0.6000941937384986;22.3103415
0.599966409690507;-0.14983557418881144;0.6001208113291882;22.410196
0.5999401498627022;-0.15420384783342628;0.600074959561362;22.5105492
0.5999776516012726;-0.15874403634603074;0.6000631488740898;22.6103449
0.6000280689715819;-0.16291210974828083;0.5999577590776884;22.7105852
0.6000586954306737;-0.16701820809721757;0.6000049233946733;22.8111267
0.6000289404024681;-0.17078449930741801;0.5999689605857913;22.9240618
0.5999857843270793;-0.17459482494441653;0.6000257343453801;23.018551
0.5999470098281207;-0.17805531694489915;0.600047883104213;23.115053
0.5999922912908381;-0.18149809499645025;0.6000551420901196;23.2118803
0.5999748231697454;-0.18460351042781412;0.6000544087820117;23.312579
0.6000441958715675;-0.1877312826620291;0.5999299519270391;23.4142646
0.6000387985165934;-0.19059570452902572;0.5999491510762396;23.5123073
0.6000547581182509;-0.19351047021281087;0.5999416194761117;23.6126343
0.6000298378256288;-0.19624663039838608;0.5999974194134159;23.7156264
0.599958401466277;-0.19873923734558488;0.6000092986730553;23.8130041
0.5999743727383949;-0.2012433740109427;0.5999935721009276;23.9135794
0.6000037095379447;-0.2034109318691709;0.6000809160178779;24.0146718
0.5999664034833109;-0.20578881646037187;0.6000936153213048;24.1137086
0.5999774044911891;-0.20782709233314617;0.5999940073850739;24.2145326
0.6000110337233536;-0.2097933538638318;0.6000149971035861;24.314395
0.600025829021837;-0.21161538320726495;0.599971495285073;24.4148967
0.599995930989903;-0.2135936236654854;0.5999603245489937;24.5150902
0.5999550604712287;-0.21526826528932574;0.6000216410776968;24.6148616
0.5999897798978804;-0.2168989680194958;0.6000308015955957;24.7151802
0.5999921409949083;-0.21835109562696992;0.6000265360888248;24.8155693
0.5999858975866491;-0.21993124164120167;0.6000059386704306;24.9156107
0.5999439631964497;-0.2213776334735834;0.6000007051806548;25.0171195
0.5999441274968389;-0.22281734454649368;0.6000025582348456;25.116342
0.5999489440486888;-0.22398116488465122;0.6000411095944461;25.2161115
0.6000070034519922;-0.22524177491653033;0.6000049612070427;25.3164449
0.6000428496561081;-0.22630806705025147;0.5999755498268685;25.416803
0.6000177247202111;-0.22748536225764443;0.5999749908374786;25.5169916
0.6000206424117255;-0.22866815259384604;0.5999477019691469;25.6186426
0.60000689106492;-0.22975524891815072;0.5999284961864535;25.7201245
0.6000131061941022;-0.23071531697408812;0.5999611935592059;25.8177905
0.6000016114164565;-0.23161147353651657;0.599972694776946;25.9185816
0.6000186860525286;-0.23252562919611658;0.5999485564176247;26.0220009
0.6000235045843718;-0.23323645373925983;0.5999291972958859;26.1222416
0.6000210112368013;-0.2340469703210415;0.5999544390401654;26.2183464
0.6000009418571013;-0.23478681586760528;0.5999726696391666;26.318688
0.5999856028149615;-0.23554904080703895;0.5999795013055038;26.419437
0.59995098828603;-0.23625109825923124;0.6000515238474042;26.5309046
0.5999521057876493;-0.23697867437361905;0.5999830279849979;26.6191945
0.5999494924818389;-0.23754423086729973;0.6000331211414968;26.7199976
0.5999305264003503;-0.23820708198628252;0.6000139378059872;26.820082
0.5999539277297298;-0.23871761237266673;0.6000607094966458;26.9197691
0.599952875575127;-0.23926982618272682;0.6000369887168857;27.0201552
0.599992034799262;-0.23976499463359938;0.600006103996598;27.1214305
0.5999709331353057;-0.24023899034209584;0.6000396715224435;27.22646
0.6000351234760055;-0.2406663235725284;0.6000201619911676;27.3221066
0.6000281586340225;-0.24109389189434158;0.599970158794297;27.421964
0.6000213372191817;-0.24150597346435299;0.5999764638280132;27.5216416
0.6000191863176909;-0.24192893282657263;0.6000079473663225;27.6221579
0.6000162161437353;-0.24226651216193001;0.6000218623694695;27.7225094
0.6000171245183249;-0.24267186916303032;0.6000176645446381;27.8252194
0.6000275075250905;-0.24303085375099176;0.5999608894136287;27.9228646
0.6000281154598784;-0.24337082786213304;0.600019380882811;28.0230867
0.6000254317188551;-0.24369061622818922;0.600015552077117;28.1254485
0.6000074922016919;-0.24401679086016756;0.5999443201639465;28.222775
0.6000042159969508;-0.2443065915182832;0.599993967875929;28.3240859
0.6000011902824524;-0.24454810240306665;0.5999857106242142;28.4246105
0.5999908517118704;-0.24483798286997313;0.6000280649242393;28.5258965
0.5999954392737334;-0.2450809600824478;0.6000122685732263;28.6236671
0.5999969594504827;-0.2453467308554914;0.5999839547364773;28.7241821
0.5999937881801142;-0.2455862349030477;0.6000045307766871;28.8242702
0.5999722028343891;-0.24575796970854333;0.6000196077460715;28.9242761
0.6000065286540461;-0.2459576136774748;0.5999795626915324;29.0246965
0.5999876621865221;-0.24613331263615001;0.600044430669625;29.1255909
0.6000127833538633;-0.246350872195742;0.599998117618534;29.2249123
0.6000156667554466;-0.24653326219837574;0.5999917624881048;29.3252354
0.6000065931302273;-0.24668291469062645;0.5999937475368281;29.4265637
0.600010131314508;-0.2468033142038712;0.6000309788197812;29.5275462
0.6000080522492758;-0.24701286779145923;0.6000151136259325;29.6268536
0.60000352049317;-0.24709397996075358;0.6000033216644924;29.7261691
0.6000012418243559;-0.24729348573709733;0.6000233694473556;29.8307599
0.5999947583790305;-0.24739098907630977;0.6000106104997792;29.9279223
0.6000115459804757;-0.24753133579728495;0.5999896641257344;30.0288486
0.600013804910572;-0.24766263663199747;0.5999961067615015;30.1268692
0.6000061771352286;-0.24772469298420158;0.6000414359448414;30.228092
0.6000111545152008;-0.24780818480719577;0.599995456507208;30.3291927
0.6000018202140708;-0.24796090400164253;0.5999798186017575;30.4283214
0.6000007035269613;-0.24805893039985102;0.5999873461069152;30.5276426
0.6000012490346899;-0.24813468347940457;0.6000401004142248;30.6278804
0.600002789879514;-0.24826538947904556;0.5999608366352341;30.7282367
0.6000106414131947;-0.248327575648127;0.6000228619385619;30.8345366
0.6000259679609972;-0.24841363496651658;0.6000334024944904;30.9289122
0.5999984035143572;-0.24847553998098088;0.6000546396694344;31.0289066
0.6000086228298619;-0.24854106875710674;0.6000042200977884;31.1294534
0.6000176663448136;-0.24860638881547872;0.6000410075019215;31.2294296
0.5999952243035057;-0.24864896972044676;0.6000413783485449;31.3301984
0.6000159716344102;-0.24874202518479355;0.6000204097438422;31.4309327
0.600028972506762;-0.24879206943995147;0.6000083034608458;31.5300194
0.599992342790067;-0.24886101446110398;0.6000395732616982;31.6303183
0.5999919055574527;-0.24893061798060676;0.6000050723318325;31.730284
0.6000009449891232;-0.24897493541819937;0.5999837514529404;31.8307087
0.5999901062212073;-0.24901401951475113;0.6000267831748005;31.9316548
0.6000089625244718;-0.24904581009709975;0.6000049111294131;32.0308636
0.6000179794295853;-0.24908791231439661;0.6000173918690345;32.131842
0.6000010507932322;-0.24915172633085875;0.5999965116095949;32.2313363
0.5999943339275545;-0.2492093343680036;0.5999741064983949;32.3325106
0.6000033190942892;-0.24921762893674063;0.5999740695651108;32.4327702
0.6000159687369577;-0.24923924682987084;0.5999595831829078;32.5495641
0.599998843127295;-0.24929700475907024;0.5999642162960409;32.6328831
0.5999850186994315;-0.24931997385001567;0.6000081770282842;32.7333834
0.5999939528636611;-0.24936187241019037;0.5999936404208542;32.8377697
0.6000052591208147;-0.24940453029378173;0.5999754114299364;33.0105327
0.6000184522383285;-0.24942875552679;0.5999690698468817;33.0332291
0.5999912923802803;-0.2494452318943775;0.6000211261081912;33.1350373
0.5999988894836109;-0.2495058812871207;0.5999950010382656;33.2366083
0.599999292221756;-0.24950820379573124;0.6000259116399224;33.3350071
0.5999977198958154;-0.24952255295800443;0.6000336748969467;33.4342845
0.5999877115822575;-0.24956929953657486;0.6000135668560777;33.5344166
0.6000121701823372;-0.24959610124364356;0.5999818625678848;33.6367835
0.6000077630738856;-0.24959786037254367;0.5999737600378532;33.7352833
0.6000089918443771;-0.24962280703119863;0.6000522262453648;33.8354971
0.6000204493320095;-0.24962788630340155;0.5999686675899307;33.9363382
0.600017165205713;-0.24967422788347163;0.5999825707074904;34.0358293
0.5999899315155741;-0.24967069164920005;0.6000203553676949;34.1359075
0.6000110434864175;-0.2496903873856046;0.5999783400871025;34.2362021
0.6000145568900318;-0.2497258877170659;0.5999208220329866;34.3368758
0.6000001920938772;-0.24969616325544072;0.5999858708937522;34.4369952
0.6000042811434233;-0.24975206408850778;0.5999635267189274;34.5379548
0.6000093361944527;-0.249722489808029;0.6000088354787887;34.6374273
0.6000303164930171;-0.24975639505774222;0.5999584310893964;34.738368
0.6000035427385227;-0.24976932447287956;0.5999715364592862;34.8384813
0.5999901692219102;-0.24977444801288512;0.6000116757917412;34.9391305
0.600020816811276;-0.2498113362308699;0.5999724742185063;35.039823
0.600001192718084;-0.24977895311818057;0.5999798410585339;35.1415187
0.600006037129268;-0.24980140402377118;0.6000121139074838;35.2387446
0.6000167597720717;-0.24984343441856863;0.5999792317569723;35.3390087
0.6000017009396309;-0.24980504423520988;0.6000391072066132;35.4392642
0.6000037682822419;-0.249833226232901;0.6000009384828541;35.5394346
0.6000132130287962;-0.24986814907646304;0.5999645559401191;35.6393534
0.6000152011471731;-0.2498558010134445;0.5999937843131594;35.7392019
0.5999959578828669;-0.2498656098811938;0.6000661245318452;35.8390496
0.6000146595309571;-0.24986126613181633;0.6000010431030487;35.9398475
0.6000078014601621;-0.24985077269498407;0.6000144083760509;36.0402583
0.600017059610915;-0.2498716273026608;0.5999862525084935;36.1413334
0.6000111882913026;-0.24989750057090185;0.6000119620513301;36.2415745
0.6000105965460466;-0.2498951436425304;0.599976624129317;36.3411429
0.6000185958493575;-0.24989650705214406;0.6000145759767703;36.4414411
0.600010062300231;-0.2498986062520631;0.5999696908817174;36.542234
0.5999904777463667;-0.24992018774687277;0.5999989689918662;36.6420754
0.5999929051804261;-0.2499264043455807;0.5999762454196576;36.7546726
0.5999852350513727;-0.24994295262944713;0.6000294391592191;36.842071
0.6000127507982098;-0.2499131325197242;0.6000024381627125;36.9421788
0.6000105525138891;-0.24994105080714665;0.5999620329552885;37.0427169
0.5999971173858202;-0.24991053651201842;0.5999737475561039;37.1435763
0.6000129692355748;-0.24991729465661588;0.6000081363551063;37.2456757
0.6000082509696674;-0.24996884000167782;0.5999429685193229;37.3437794
0.6000050990262624;-0.24993389893626827;0.5999946983269832;37.4453713
0.6000214821250051;-0.24995124965462262;0.5999609378852779;37.5464983
0.6000034144843643;-0.24996409100456324;0.5999856617747832;37.6445924
0.600009385362828;-0.24993792791344469;0.5999854576422928;37.7442879
0.5999967097524895;-0.2499818719355284;0.5999327244863333;37.8448737
0.5999880771977413;-0.24996563545694228;0.5999610628160559;37.9477262
0.600004144396839;-0.25000277820852634;0.5999701574370896;38.0455815
0.599988616773903;-0.2499620111856185;0.5999952063877798;38.1459541
0.5999859224437184;-0.2499817829428382;0.5999623104658004;38.2458922
0.59999819884889;-0.2499791184047893;0.599977504649924;38.3469122
0.5999898950650681;-0.24996128001839737;0.6000080943337707;38.4504719
0.6000030308901557;-0.24996591723479697;0.5999352336691981;38.5523216
0.6000135766749211;-0.24996152539229385;0.5999731736327627;38.6467169
0.6000031242823848;-0.2499517303124883;0.5999688366761625;38.7869303
0.6000090728601197;-0.24996131871825122;0.5999919551751911;38.8487886
0.6000024419477689;-0.24996315272589956;0.5999541522641338;38.9496876
0.5999991610361851;-0.24994196550985998;0.5999724887969963;39.0474034
0.6000119225743915;-0.24996594391103238;0.5999722438556155;39.1947583
0.5999941862839191;-0.2499732296795655;0.5999690323726463;39.2479069
0.6000122835055803;-0.24994852095620212;0.6000117565093275;39.3486117
0.5999914427934858;-0.249984631058835;0.6000198716339478;39.4489044
0.6000016579253932;-0.25000221351722546;0.5999962835074648;39.5487781
0.5999955643880625;-0.24998052827127076;0.5999769721571826;39.6498263
0.600018309480784;-0.24995578560384973;0.5999756045422195;39.750252
0.5999985575330979;-0.2499975746459855;0.5999731736327627;39.8524167
0.6000072225117491;-0.24998330615416797;0.6000196925505645;39.950741
0.6000011617185435;-0.24997370249687859;0.6000166151656232;40.0519794
0.6000135545558991;-0.24996551770260592;0.5999807195740168;40.1521508
0.5999898830881447;-0.24998926053356307;0.5999921406535461;40.2511557
0.6000085012616901;-0.2499624092416953;0.6000647631951068;40.3518113
0.6000104623307936;-0.24998044263122463;0.5999982782649337;40.4572911
0.6000093071331576;-0.24998123616926704;0.6000311185825931;40.5522853
0.5999905874690294;-0.24997163690359472;0.6000110109866785;40.6534688
0.600000606604584;-0.2500149402748829;0.600052381028586;40.7540967
0.5999879632559949;-0.25000922289761385;0.6000259543212285;40.8530286
0.5999935126274174;-0.24999434699150197;0.6000362816055999;40.9528866
0.5999833493060334;-0.2499948610231662;0.6000344620010092;41.0532754
0.6000033917704848;-0.24998373590356113;0.6000055243700554;41.1535873
0.5999970527581081;-0.2499817918617815;0.6000016342130544;41.2536119
0.5999868969190154;-0.25000622744008666;0.6000280382686165;41.3538192
0.5999983546884997;-0.2500130601050473;0.6000083083930606;41.4536573
0.6000056842353535;-0.25003183716391486;0.6000065159357467;41.5607728
0.5999897886141814;-0.2500409753416831;0.6000055928820932;41.6543114
0.6000138715063038;-0.2499994787443071;0.6000574300088963;41.754973
0.6000021173646836;-0.25000658734866593;0.6000003293133873;41.8552158
0.599988224766517;-0.25002546094976336;0.6000549097975467;41.9574546
0.6000032687307952;-0.25000763353253075;0.6000088914199994;42.0551578
0.5999997010132295;-0.25001832712301353;0.6000225513438657;42.1642104
0.5999971811670411;-0.24999788555345367;0.6000536354511282;42.2602362
0.5999960883387858;-0.25001685845722826;0.5999922939832673;42.3559784
0.6000055930582671;-0.24999184423246099;0.5999989692576824;42.4565495
0.6000075586562673;-0.2500038887928766;0.5999573169136492;42.5559522
0.5999854368941199;-0.2500107409020348;0.6000454660076179;42.6596867
0.6000099227852944;-0.2500119414705859;0.5999964236390379;42.7571299
0.6000018534887199;-0.25000238344907244;0.5999942887469092;42.8571447
0.6000080748907138;-0.2500062243748382;0.6000129227778638;42.9584077
0.5999980459429626;-0.25001664357313774;0.5999996384119415;43.0576563
0.600002921974902;-0.24998345176872233;0.5999643726735432;43.1728412
0.5999957163793624;-0.25000256065401166;0.6000043988549704;43.2596216
0.5999878893594461;-0.24997104405510048;0.6000392785407049;43.357597
0.5999917257831658;-0.2500047594446752;0.6000320871290242;43.4579424
0.6000016533942791;-0.249980170524692;0.5999888348820964;43.5655106
0.5999909562086434;-0.2499720029874007;0.6000275521179322;43.6613226
0.5999998374815475;-0.2499963422110296;0.6000383685417198;43.8049922
0.5999909407188906;-0.2500222310842011;0.59997317511944;43.8622098
0.6000172705354847;-0.24998278391890996;0.5999968163701656;43.9592186
0.5999852465028059;-0.2500128245721811;0.6000139294585329;44.0605449
0.5999854426890154;-0.24999894984728574;0.5999749088648708;44.1614554
0.6000025943962154;-0.25001503829046573;0.5999846131690394;44.2604505
0.5999842025511841;-0.2500159808205776;0.5999676291689308;44.3604207
0.5999811004536828;-0.2500130134635946;0.5999837270117724;44.4623883
0.5999881756849993;-0.25001961455759775;0.600007519121351;44.5599779
0.599998425353193;-0.2500071254096848;0.6000111816800644;44.6627454
0.6000027645793368;-0.24999527542017985;0.5999894600350426;44.7616555
0.6000039260531598;-0.2499703502926207;0.5999624344020612;44.8625085
0.6000220328106983;-0.24996739024672981;0.5999879118506657;44.9629422
0.5999968978009564;-0.24997165600605983;0.6000194370614707;45.0618945
0.6000167916123526;-0.24999035830215885;0.5999705435379198;45.1697254
0.5999868295173868;-0.24999814284565794;0.6000123272057519;45.2891622
0.5999713124655178;-0.2495658876595454;0.5999270458096089;45.3624761
0.5999221122572516;-0.2464464816225726;0.5999517668128047;45.4650205
0.5999445458494286;-0.23973500240324874;0.6000210443496091;45.5627275
0.5999828233867041;-0.23080597741313721;0.6000449375468173;45.6624365
0.5999572371009129;-0.2179245171994823;0.600023404965608;45.7662959
0.5999740926124479;-0.2030063315883871;0.6000243482461324;45.8620586
0.5999139221821873;-0.18404374088441017;0.6000165304161775;45.9629225
0.5999782192881824;-0.1637094499579436;0.5999449336346228;46.065223
0.5999194630496797;-0.1382990292151872;0.5999759791411418;46.1632491
0.5999366244631015;-0.11201187176340915;0.6000022602331349;46.2641283
0.6000178831591803;-0.08015454960806974;0.5999097288692955;46.3635706
0.5999952722213882;-0.04816592488054584;0.6000003319906206;46.4685483
0.5999708800802063;-0.010822056055691866;0.6001217477407085;46.5657236
0.5999561198728974;0.024573926531160795;0.5999753705502732;46.6698432
0.5999868136184608;0.06119264494275365;0.5999949275782953;46.7646095
0.6000303503701133;0.0917622742949395;0.5999047208161263;46.8661109
0.5999860472029562;0.12170660000773979;0.6000699618412548;46.9686271
0.6000388299551128;0.14861924595705917;0.6000312417043167;47.0654731
0.5999448314230065;0.1704557977084846;0.6000987690579588;47.1668362
0.6001372855220212;0.1907110821466705;0.5998645184139149;47.2681594
0.6000834364756874;0.2068256967613293;0.5999557592886001;47.3732706
0.6000681183078291;0.2210516593073863;0.5998753330042765;47.4661663
0.6000886840749048;0.23148823981523098;0.599878976163334;47.5677862
0.6000498002353366;0.23956804789122765;0.5999396315636514;47.6662533
0.6000174035797818;0.24402748461611148;0.5999695896624109;47.7684049
0.5999105661564422;0.24618665874885437;0.6000978335328545;47.8672063
0.5998865323657444;0.24721923300970686;0.6001208626851974;47.9677178
0.5998963542345997;0.24777819698614018;0.6000868527957183;48.0671469
0.5999405093061349;0.24817395188458113;0.6001199514598468;48.1683997
0.6000009107724767;0.24847735604853557;0.6000198543608454;48.2689896
0.6000357151658173;0.2488017482779838;0.6000293854229924;48.3686991
0.6000437664867361;0.2490623669120745;0.6000389733513528;48.4680245
0.6000472761381294;0.2492138794180708;0.599977217037031;48.5683147
0.6000353842274857;0.2494051184038621;0.5999604445881426;48.671703
0.6000003533063542;0.24953203733190896;0.599989630752651;48.7702253
0.600042199863305;0.24958910668371848;0.5999885806295032;48.8696576
0.6000244449542451;0.24967920251003847;0.6000052703898896;48.9690636
0.600016572750589;0.24977900996656738;0.599984239678921;49.0901972
0.6000238390394779;0.24979762190052854;0.6000254417513036;49.1694379
0.600019522193557;0.24986863582685562;0.5999717161474757;49.2692989
0.5999998823807707;0.24991766244514574;0.6000034092802013;49.3699281
0.5999793533004054;0.24996183037145314;0.6000114664847886;49.4691987
0.600007075170633;0.2499365159885338;0.6000366073905729;49.5695725
0.5999901045211589;0.24996092591127342;0.5999968498217653;49.6692848
0.599981678653179;0.24996386870690973;0.6000175399128455;49.7698774
0.6000008807646466;0.2499694874778686;0.600015751341079;49.8697009
0.6000072746391378;0.24994124821892222;0.6000522563850728;49.9716555
0.6000212285397507;0.2499846550261403;0.5999655540796183;50.0696759
0.6000106401301344;0.2499777663535803;0.6000073732226243;50.1705302
0.6000142437406242;0.24998782477313264;0.5999995070777709;50.2705213
0.5999773059865335;0.2500036059025492;0.6000207112636841;50.3709054
0.5999987635602425;0.2500250516888117;0.5999844839343577;50.4710945
0.6000404731170714;0.24998700273031269;0.5999496805875388;50.5720536
0.600018649640854;0.24998089898417036;0.6000250851139549;50.6708095
0.6000408707031541;0.24998874662431125;0.599995766513669;50.7711546
0.6000293177976781;0.2499972370888337;0.5999663651124282;50.8720347
0.600029593789891;0.2500003048325388;0.5999531195046475;50.9714151
0.600033178506831;0.24998388412281836;0.5999971091723595;51.0714219
0.6000369777622103;0.25000975578050444;0.599942069620098;51.1737183
0.6000228263878307;0.24999567269227255;0.5999486704821236;51.2746834
0.6000315592306137;0.2500160583589252;0.5999207260884803;51.3725856
0.6000256567943113;0.24999798841826198;0.5999972070185592;51.4726223
0.6000187826517152;0.2500213327766032;0.5999466605886121;51.5764203
0.6000055742737626;0.2500153998227743;0.5999496936458589;51.673204
0.6000198511693239;0.24999842419693946;0.5999916137918775;51.7737436
0.6000049979839093;0.25004352915220096;0.5999581372494787;51.8734667
0.5999913040553814;0.250020347053585;0.5999652192627221;51.975103
0.6000074578465456;0.2500239370928392;0.6000012056393571;52.0744038
0.600013496361564;0.2500033436996794;0.5999704543952018;52.1746051
0.5999914719915878;0.24999250589776356;0.5999773808997871;52.2740056
0.5999970474998965;0.2500015881812218;0.5999724199204212;52.3745859
0.5999693556206901;0.2500096843810969;0.6000282819248007;52.4757614
0.5999530083879634;0.25002350394472156;0.6000245057574257;52.6017288
0.5999282526691645;0.2500228572968763;0.6000242262566341;52.6797453
0.5999594852119862;0.24999848560629204;0.6000206138326863;52.7751222
0.5999499365851413;0.2500447238742397;0.5999985033172258;52.8752824
0.5999756738754474;0.2500173832427016;0.6000174063038963;52.9756322
0.5999340326790907;0.2500242835411648;0.6000272002073207;53.0756217
0.5999457816037288;0.24999880110422507;0.6000641842706346;53.1779064
0.5999510447153309;0.25002607575599184;0.5999922546735782;53.2763328
0.5999432448975315;0.2500012290729632;0.6000360233000438;53.3769639
0.5999527441493226;0.24999530093606312;0.600028448377292;53.4765473
0.5999913016060442;0.2489553153953134;0.6001987282171121;53.5817281
0.599991180533216;0.24502998775316387;0.6001784238698903;53.6768909
0.6000042242765148;0.23770741464719705;0.6001005388812465;53.7825433
0.5999488651715343;0.22791233608004302;0.6001863149585751;53.8783615
0.5999285339837123;0.21444575960638773;0.6000911864819304;53.9787001
0.5999701622413787;0.1990368977670796;0.6000929254465523;54.0784504
0.5999496209696584;0.17913683828185348;0.6002506138790275;54.1786131
0.6000641150633201;0.15781483863681528;0.6000072480454859;54.279154
0.6000094229977978;0.13170257419287204;0.6000343800193152;54.3789456
0.6000601747331847;0.10490161918979438;0.5999814019151597;54.4822099
0.5999989781052316;0.07275403951969339;0.5999013940706146;54.5787365
0.5999672364437039;0.039965897324658856;0.5999159890391026;54.6795827
0.600024395501351;0.0016740437689270135;0.5999699879501068;54.7805372
0.6000850446841245;-0.036022437360745764;0.5999799433232214;54.8804733
0.6000023259662204;-0.06884170847605381;0.6000281517062395;54.9814732
0.6000431543526819;-0.10125757136698321;0.5999047555852337;55.0806347
0.6000251223288293;-0.12794792402276767;0.6000035065082476;55.1834043
0.600064145087415;-0.15361815681318788;0.5999345142470421;55.2808985
0.6000858332898044;-0.17442864487432636;0.6000115384445042;55.381255
0.6001244298896676;-0.1941519215784006;0.6000025657935669;55.4823027
0.6000412186103681;-0.20950913465382404;0.5999600568157616;55.5812143
0.5999597468639394;-0.2228561241158524;0.5999843199846392;55.6918414
0.6000376755769604;-0.2323176098476979;0.6000223453840539;55.7819055
0.5999930618293131;-0.23952337447659378;0.6000161756624467;55.8931513
0.6000017051412092;-0.24320107175931904;0.5999576961241009;56.0060643
0.6000219843476569;-0.24538734147926583;0.5999176005406898;56.1240992
0.5999729073400665;-0.24681247474168247;0.5999658366620569;56.1832784
0.5999084753877253;-0.2475285592800127;0.6001030217854069;56.2861477
0.5999397928242228;-0.24799003342898898;0.6000814417666486;56.4289611
0.5999888736810286;-0.24843505717035924;0.5999943374372037;56.5094307
0.6000057063043265;-0.24882006794321065;0.6000955707321366;56.5844641
0.6000127016167479;-0.24904715462942087;0.6000392495426154;56.6871441
0.600023906470055;-0.24922272232194553;0.6000185460041277;56.7843977
0.6000456566863686;-0.2493546762768885;0.6000014757327677;56.887644
0.6000278133727746;-0.24947933660904756;0.6000134434764822;56.9846726
0.6000196815814177;-0.24955895290670083;0.6000109241604574;57.0849794
0.6000275964076888;-0.24966002728177095;0.5999634660323006;57.1846656
0.6000078829056779;-0.249745176616717;0.6000055569907338;57.2860834
0.5999993506766207;-0.24983694441258833;0.6000068350016539;57.3853548
0.5999998567725745;-0.24984148590325347;0.5999839626123785;57.486148
0.6000133024376093;-0.2498718778734819;0.5999996542296876;57.5862759
0.6000265428128068;-0.2492150601389413;0.6000536287914026;57.689268
0.6000071095926075;-0.24513410278277928;0.6000807676740864;57.7889382
0.5999864203658121;-0.23844764269051028;0.6000195050872529;57.8866316
0.6000099849011216;-0.22817704355118276;0.5999355704237249;57.9893905
0.6000299192394356;-0.2156382149359536;0.5998678647488657;58.0869988
0.5999577698343003;-0.1990316117825292;0.5999903927716436;58.1877541
0.59992242605559;-0.17933372933534794;0.5999286941883952;58.2885623
0.5999718369693188;-0.15829955994322548;0.5999129129743181;58.3878817
0.5998746847100176;-0.1322727034347944;0.5999529988336664;58.4895289
0.5999777348941606;-0.10500046822519579;0.599999061442889;58.5881097
0.6000183469877243;-0.07245899053345164;0.5999153586711106;58.6888908
0.5999970442283338;-0.03994215674200489;0.6000722096633333;58.7888166
0.5999365452058957;-0.0021332432262332894;0.6000684434186988;58.888815
0.599964904334636;0.03290116044510421;0.5999120542060651;58.9896996
0.6000113177205681;0.06820748025417298;0.5999828615270844;59.0889061
0.6000412948778998;0.09791206751077264;0.5998960904805222;59.1898141
0.5999966705150657;0.1271906539008914;0.5999966418031208;59.2904787
0.5999979850230409;0.15135796331275791;0.6000254003222543;59.43522
0.600011624369344;0.17407389217490124;0.6000466270557447;59.4917937
0.6001019374917834;0.1922654618359388;0.5999341501531406;59.5913475
0.6000289129356752;0.20894783129758418;0.5999643417643316;59.6901303
0.6000323199435612;0.22136838094383493;0.5999330675113336;59.7952328
0.6000813428256246;0.2318139668269517;0.599945251093241;59.9064179
0.6000392960477527;0.23851666919135467;0.5999168161484991;59.99237
0.6000194888554776;0.24267166270724796;0.600032044696973;60.0914796
0.5999778047492469;0.2447628137018825;0.6001060823040439;60.1917383
0.599881786000132;0.2459508740325317;0.6001023697232515;60.2919616
0.5998764707453317;0.2468465576392905;0.6000811437264201;60.3924583
0.5998962228129668;0.24743931414210713;0.6000856129227269;60.4926862
0.5999638378380414;0.2478797159828127;0.6000499208315662;60.5955345
0.5999992373253785;0.24821436397543314;0.6001133796939271;60.6961539
0.6000181669341926;0.24854542379047595;0.6000607650332724;60.7934642
0.600035711287174;0.24883284389151852;0.6000056022229573;60.8960976
0.6000067726279784;0.24909005264743267;0.600003234896337;60.9968311
0.6000251657186546;0.24927501309237535;0.6000293249201937;61.0944456
0.6000261502134137;0.249432841750973;0.599979975782227;61.1942668
0.6000248266979622;0.24954036269566815;0.6000320782985723;61.2941252
0.6000436658540745;0.24963775825847556;0.599973861623445;61.3967954
0.6000304719098626;0.2497147574951534;0.5999652392656925;61.4950154
0.6000459899125575;0.2497524287072356;0.6000037053908581;61.5960118
0.6000006453142755;0.24983021973102698;0.6000438373543896;61.6952174
0.60000307252598;0.24987932096833385;0.6000019595124403;61.7952502
0.6000036017578249;0.24989185726070576;0.5999929420090526;61.8959968
0.5999942642727205;0.2499007205118567;0.5999558185012505;61.9967486
0.6000085387755364;0.24997887629586082;0.5999879846094544;62.0960239
0.5999979596292846;0.24995617074832902;0.5999612431826769;62.1985734
0.600004488439353;0.2499543989240833;0.5999648677200444;62.2972442
0.6000067952431682;0.24998792484474872;0.599966860201013;62.4946937
0.6000097033490497;0.24999162659334642;0.6000021217473619;62.5970642
0.6000005514918503;0.2500037525910961;0.6000124031065934;62.6984655
0.600007623858505;0.24999586489230588;0.5999944633740651;62.7975732
0.5999932718782346;0.25000211941842393;0.5999653830211761;62.8980985
0.5999956476352927;0.2499886100589245;0.6000146804336032;62.9982613
0.6000189529573103;0.2499935548315013;0.5999611618792067;63.0977964
0.6000030212250751;0.2499871931305548;0.6000248113905196;63.1987545
0.6000227234153134;0.24997714050730233;0.5999715596425783;63.2989137
0.6000046173484767;0.25000469397117475;0.6000237833193031;63.3991802
0.6000165203981552;0.24996952732526562;0.5999933241698616;63.4998566
0.6000314691269522;0.25000567438283133;0.6000176547708809;63.5995356
0.60003143817635;0.2499884110054199;0.600000379123798;63.6994727
0.6000331286957884;0.25000436757192873;0.5999972640234992;63.7993507
0.6000234827810973;0.2500240791880895;0.6000016561808299;63.9007427
0.6000161617957428;0.25000543778814394;0.5999768925162002;63.9996763
0.6000088642596775;0.2500071554951489;0.5999922544166991;64.0998971
0.6000031959071865;0.25002765696727336;0.5999930916607196;64.2006214
0.6000145627495296;0.25001148625125713;0.5999857804290413;64.3003754
0.600021456089967;0.2500049929495385;0.6000054691007096;64.4012617
0.6000174005462693;0.250035243093604;0.5999852800527039;64.5196964
0.6000179584481864;0.2499918292888649;0.6000100718094247;64.6023296
0.6000274173469492;0.2500248749360987;0.5999854593137154;64.7019224
0.5999973560568925;0.25001215980094765;0.5999826931181061;64.8035287
0.6000370504984153;0.25002367497518013;0.5999917453912935;64.9031243
0.5999893194381861;0.2500199113455073;0.6000024786671192;65.0032008
0.5999903672262532;0.25000899050131614;0.5999527417189903;65.1033216
0.599984868922999;0.2500298978773661;0.6000142148137193;65.203181
0.6000024968608145;0.25000578799362283;0.6000060003151905;65.3039409
0.5999660564851285;0.250015085306148;0.6000265783734408;65.4063798
0.5999460533874164;0.25000166793948536;0.5999795748402313;65.5530119
0.5999519474497963;0.2499950117996229;0.5999987919912492;65.6051058
0.5999364357907018;0.2500009005451398;0.6000221039314343;65.7087073
0.5999480725717812;0.25001914161676614;0.5999949582447279;65.804545
0.5999669053605544;0.2500077247991499;0.5999866223655924;65.904771
0.5999538177879087;0.2500170354795334;0.5999566413413807;66.0050976
0.599949294801799;0.2499930419241068;0.6000534975141206;66.1052324
0.5999412234490831;0.2500129662319654;0.600003438981096;66.2046047
0.5999598974682155;0.2500063497092601;0.6000128793398598;66.3062779
0.5999491126618586;0.24998983436285918;0.600009876255777;66.4049633
0.5999611371568617;0.24999876339242494;0.5999747554661737;66.5061543
0.5999747186315671;0.2500205704909799;0.6000273932828267;66.6055042
0.59995249201116;0.2500345558103508;0.6000854119560343;66.7070533
0.5999814386136672;0.2500251431974563;0.600019213516014;66.8060619
0.5999777026110955;0.2500118100609237;0.6000465070903277;66.906171
0.5999683268488717;0.24998632972884552;0.60006279654064;67.0101303
0.5999937452936562;0.24997606221843754;0.6000110931952904;67.1088622
0.6000190368711926;0.2499703619152854;0.6000252551282815;67.2069258
0.600007833625922;0.24999788173229756;0.6000324074690953;67.3228772
0.6000446386810607;0.24998667947417894;0.5999195099053456;67.4082216
0.6000385502084953;0.25000098151533423;0.5999549697609612;67.5076307
0.6000348327953757;0.25001439939509457;0.5999577219653552;67.6081267
0.6000414653626329;0.2499829627323079;0.5999635895179029;67.7075736
0.6000412645914431;0.24999223035392226;0.5999364596401899;67.8094542
0.6000389945980441;0.24999952276286055;0.5999511811993917;67.9111182
0.6000454958527387;0.24998688383054074;0.599967727904716;68.0086052
0.6000634844087139;0.2499842941864666;0.5999171133476922;68.1095017
0.6000624996669877;0.249995141134415;0.5999584981518923;68.2087189
0.6000379808920048;0.2499758306633326;0.5999790792543797;68.3497681
0.6000423274634158;0.24997523304694774;0.6000076095592238;68.4309377
0.6000650839884822;0.2499847868486274;0.5999402900060347;68.5196625
0.6000597521490484;0.24997423149745132;0.5999604403264264;68.6416213
0.6000440072072735;0.24998520599438626;0.600014172274425;68.7106675
0.6000401613205282;0.2499827483092622;0.6000013922584133;68.8106341
0.6000367792195338;0.24995705823297784;0.5999643673229613;68.9116285
0.600010679530842;0.24998906143131988;0.5999798904809475;69.0112255
0.6000242598492433;0.2500030891847209;0.5999860767951267;69.1121164
0.5999847245761273;0.24887435949657044;0.6002758549420161;69.2113391
0.5999463488934439;0.24454029742729075;0.6003093039378724;69.3127516
0.5999023250419999;0.23768347337532716;0.6001998006831748;69.4115384
0.599873911487946;0.22701800464806968;0.600195803159049;69.5119395
0.5998355701894512;0.21447837637521294;0.600129375605308;69.61225
0.5998018982057887;0.1977975430505571;0.6001239683361215;69.7123746
0.5997807395924448;0.1793262019851472;0.6003411391008469;69.8478357
0.5999207441074946;0.15616399531189928;0.6001022766787872;69.9140753
0.599843101348121;0.13187512601903195;0.600043409129116;70.0156649
0.5999381920924384;0.10262095040756934;0.5999685459373484;70.11665
0.5998739156577538;0.07298742361312213;0.599941651265923;70.2142987
0.5999214439263074;0.0370816794704411;0.5999397254424903;70.315288
0.599282736481839;0.002869391475061285;0.5998404460802781;70.4173759
0.5959779585237011;-0.032222111029542554;0.5994854693809469;70.5147218
0.5904557514861846;-0.06347536635793788;0.5990958597795826;70.6158611
0.5829386960229279;-0.09523643829550875;0.598686484328802;70.7159685
0.5762965658538103;-0.12359744699538076;0.5981523786611384;70.8167894
0.5708316795953224;-0.1469766505398423;0.5979379785805633;70.9174802
0.5662456037113136;-0.1699665094426564;0.5976861659458852;71.0157701
0.5643823522768544;-0.1898280835636433;0.597649226320359;71.1154393
0.5645873649557567;-0.20904647743869717;0.5976600038066583;71.2159822
0.566312178892982;-0.22422643293152875;0.5978978551741483;71.3163433
0.5695508019149865;-0.23795329320854786;0.5980015654708527;71.4169549
0.5731609487556114;-0.24774917174023026;0.598385039694918;71.5172427
0.5776528508552544;-0.2553350204961172;0.5985195874986124;71.6173838
0.5817482399080609;-0.259421767564187;0.5988292504680973;71.7177879
0.5857180548068873;-0.2608600118843114;0.5991767808804489;71.8185765
0.5885820173826829;-0.25978672581291884;0.5993413560940359;71.9180877
0.5910328428699869;-0.25811975289973166;0.5993528070949691;72.0182302
0.5926549005449695;-0.25672313182822276;0.5995206462016359;72.118875
0.5941885628751621;-0.25526177812895406;0.5996302609690397;72.2189744
0.5952682677219998;-0.25430378720331676;0.5997289281256953;72.3185503
0.5962017405867136;-0.2535235148590568;0.5996777519349736;72.4188224
0.5969623979680047;-0.25282393796290886;0.5997256305970711;72.5195841
0.5975391028022924;-0.2522524025469591;0.5997880796723761;72.619813
0.5980614535905939;-0.2517255818570696;0.5999034725888313;72.7213001
0.5984526022269897;-0.2513564589283846;0.5999418877642984;72.8203839
0.5987553382374043;-0.2510673297502679;0.5999545740395784;72.9205603
0.598947562560115;-0.2509414513123643;0.5999716938949561;73.0209306
0.5991604773954524;-0.2507888296023187;0.5999872381654862;73.120915
0.5993196280723345;-0.25065119394984325;0.5999848913360972;73.2207026
0.599473087043851;-0.2505626428913516;0.5999599693475215;73.3209659
0.5995557141549481;-0.25047271879548283;0.5999793576616687;73.4218288
0.5996509905233567;-0.25036901874936973;0.6000015667528937;73.5219904
0.5997335382503912;-0.25029682441457024;0.5999978529240247;73.6229964
0.5997936542553088;-0.25021188582284865;0.599948448992311;73.7220241
0.5998207842088394;-0.25018538521316314;0.5999597008713309;73.8222386
0.5998342787691588;-0.2501364210835071;0.6000230594650844;73.9221819
0.5998800166541287;-0.250115246917377;0.6000266884011201;74.0228093
0.5998981287558464;-0.2501106890531325;0.6000109946283884;74.1232303
0.5999250830506966;-0.2500718729874628;0.6000274987289613;74.2231235
0.5999519050867699;-0.25006321134763215;0.5999951997824932;74.3239067
0.5999761483100201;-0.2500520259092565;0.5999969708821812;74.4238719
0.5999532981736202;-0.2500567182578694;0.6000046395012961;74.5247405
0.5999746692480127;-0.2500186397990294;0.5999991324681622;74.6297563
0.599972228024063;-0.2500085444083762;0.5999934586598681;74.7264894
0.5999829177910545;-0.25000857971190643;0.6000305146094849;74.8283417
0.5999974592517806;-0.25001613375131215;0.6000056226720615;74.9249111
0.6000014557838003;-0.2500097562267417;0.6000163753278913;75.0271635
0.5999922906812734;-0.250001277548598;0.6000184099424096;75.1274494
0.5999917351667046;-0.25002674426246413;0.6000414190654283;75.2256356
0.5999981812690038;-0.2500148729803578;0.6000038842755682;75.3259167
0.6000232564879959;-0.25000051279655544;0.5999611658531151;75.4261288
0.5999837894527199;-0.2500136582679188;0.5999780376006534;75.5285243
0.6000141650147838;-0.24999990266633895;0.5999804872429363;75.630075
0.6000043401391888;-0.250030789581488;0.5999726580435428;75.7278792
0.5999906195219546;-0.24999190785673125;0.5999979308544628;75.8266305
0.6000180578221789;-0.2500217049837359;0.5999959440578587;75.9261999
0.6000180382053387;-0.25000369294422115;0.5999754140772521;76.0323519
0.6000059656203646;-0.25002241370824335;0.5999661706333782;76.1276307
0.6000051199163798;-0.25001552875084715;0.5999792133693767;76.2727063
0.6000104859547504;-0.2500007067580157;0.5999852774225066;76.3297641
0.6000158130237351;-0.24998346680360078;0.600031113492624;76.4406896
0.5999971121080125;-0.25002377779467916;0.6000249980444589;76.5277561
0.6000359917247787;-0.250008653835741;0.5999478862858677;76.6284435
0.6000268855758898;-0.2500360258830483;0.5999512533367568;76.7290354
0.6000155233033748;-0.2500353478842827;0.5999658580402081;76.8291955
0.6000263908572042;-0.24997763143632956;0.5999735272365898;76.929489
0.6000316115874554;-0.24999632635035515;0.5999940178759002;77.0303525
0.6000195251235058;-0.2500171972643837;0.5999784366101384;77.1329666
0.6000222590912953;-0.24998373784092512;0.5999649652675345;77.2302818
0.6000116609528715;-0.24996751403981407;0.600014942107842;77.3308802
0.5999979927896357;-0.2500248790581864;0.5999631228377128;77.4296313
0.6000123455880174;-0.25000044202486554;0.5999263318520184;77.530286
0.5999891286645564;-0.2499945713704942;0.5999806848527065;77.63139
0.599973172591436;-0.2499853903217322;0.6000273192654832;77.730923
0.5999973190564487;-0.24997398551720929;0.6000089488306841;77.8307371
0.6000006377904034;-0.2499632004665003;0.6000178768788031;77.9315931
0.5999861457305514;-0.24995747135781984;0.6000380542386852;78.0335174
0.5999860686790437;-0.24995752860326675;0.5999929129556639;78.1323819
0.5999925689276234;-0.2499477101967711;0.6000148097761352;78.232177
0.5999793482258384;-0.24998517107626098;0.6000173876177698;78.3975852
0.5999774848230255;-0.24997751065438792;0.6000196775087121;78.4622813
0.5999708609164465;-0.2499712378374268;0.6000596947586222;78.5327455
0.5999619450238751;-0.24994467760423028;0.6000598474914007;78.632786
0.5999872483946225;-0.24996850634314643;0.6000100197195676;78.7337028
0.5999743420590452;-0.2499724782694981;0.6000439962712787;78.8339243
0.5999643901812203;-0.24997124470497795;0.6000261544603146;78.9345165
0.5999960684872127;-0.24995088964073536;0.600040838731656;79.0339312
0.599977549190523;-0.24999535893411243;0.6000194510800064;79.1622425
0.5999854980598318;-0.24995505399136184;0.6000297311986659;79.2340862
0.5999750974080179;-0.24994913348253092;0.6000349866264817;79.3348535
0.5999849844380613;-0.2499683810675961;0.6000071855131544;79.4350612
0.5999765235453153;-0.24996865317449093;0.6000147050391659;79.5370518
0.5999860354272235;-0.24997953593052422;0.5999999396932405;79.6346172
0.599993173238767;-0.2500121041137633;0.6000148635364968;79.7360522
0.5999991440816226;-0.24999808429708023;0.5999671892474047;79.8379422
0.5999981554244834;-0.24997669328694758;0.600036212805686;79.9401304
0.5999890382279871;-0.2500042486709962;0.5999915805334565;80.0360068
0.6000168671584276;-0.2500166042536813;0.5999587364298609;80.1370297
0.599988855775835;-0.2500263100618274;0.5999758607948694;80.2375655
0.6000153849902559;-0.2500049830267834;0.5999970846951256;80.3366767
0.6000056236138531;-0.24999591720181635;0.5999862298828459;80.4365037
0.6000081929226188;-0.25003025611502305;0.5999660512300751;80.5851623
0.6000179557304275;-0.25001353208606225;0.5999867179056991;80.6651071
0.6000703262497494;-0.24959615678529756;0.600051909857868;80.7376548
0.6000799843011068;-0.24643451993669405;0.6001867282159099;80.8378724
0.6000393392118436;-0.23969635633773945;0.6000495215467693;80.9377559
0.6000416996373693;-0.23076929002357907;0.6000803773065138;81.0386232
0.6000344472118554;-0.21786914722443723;0.5999755893359521;81.1420672
0.6000310623642167;-0.20495055887771768;0.5999601513124244;81.239593
0.5999267513299511;-0.19114376998672292;0.6000380354900018;81.3378623
0.5999614097901111;-0.17739123494145695;0.6000539461109768;81.4381792
0.5999849460378848;-0.16503304166499433;0.599920760796087;81.5384177
0.5999791702304867;-0.15157444777416243;0.6000181603968734;81.6385923
0.5999717617474668;-0.13926664354650417;0.5999172415436742;81.7936668
0.5999968807863248;-0.12610851581557053;0.5999293247973074;81.839524
0.6000032021406575;-0.11421651321607179;0.5999654594349869;81.940662
0.6000496365647693;-0.10148767557557548;0.5999895412737178;82.0498019
0.6000545671416161;-0.08994353485717732;0.5998781505063719;82.1398711
0.6000507159919267;-0.07762798382544656;0.599973851105002;82.2398801
0.5992491878065312;-0.06709443854087667;0.5995886421405857;82.3422957
0.5961633696995827;-0.05752677215777785;0.5982630678010664;82.4430775
0.5909620557355894;-0.05044868344366019;0.5968660247726371;82.5403522
0.5828626415165686;-0.04465730559968878;0.5955032285579602;82.6409324
0.5728078647132382;-0.04053194963878746;0.5949665019575366;82.741529
0.5593579089719906;-0.03619518657111615;0.5946599514166291;82.8416537
0.5464447694395247;-0.030077043898801704;0.5951655970979814;82.9411862
0.534070096780829;-0.02079904942114884;0.5961363091931776;83.0424846
0.5245772560747335;-0.010218964727665106;0.5976130896097379;83.14138
0.5169824378466809;0.0028274299918473423;0.5992594547636769;83.2422104
0.5114927628033198;0.015900414512785503;0.6011345966531436;83.3423481
0.5073629292783073;0.026466865139138474;0.6018097147433144;83.4437591
0.5039045990126639;0.03721319547495107;0.6003971557773162;83.5431092
0.5008036830114447;0.04437267402131881;0.5984033146433705;83.643105
0.4982821337072803;0.050437665707681004;0.5966731103977807;83.7486062
0.4985513657108123;0.05709733229880668;0.5956971989834365;83.8447301
0.5016969326609094;0.06506305340969003;0.5953400356556642;83.9486531
0.5060386938516395;0.07264017366911847;0.5955786281090092;84.0456285
0.51049590702917;0.08051684982898537;0.5957931404893062;84.1468717
0.5146013965047063;0.08761274149250264;0.5960495008357334;84.2499027
0.518736377974354;0.09490546291057918;0.5963036209393464;84.3450412
0.5223443543246763;0.10150959168157866;0.5964087318358231;84.4470618
0.5261412635672731;0.10832457832296737;0.5965757078666667;84.5479595
0.5293859497473483;0.11443232726309084;0.5967182045003128;84.6459413
0.532884445591367;0.12067877069291745;0.5969378833747145;84.7503513
0.5359311777121303;0.12641639372536026;0.5968837431806802;84.8473513
0.53903216269645;0.13223481181836771;0.5972298917654129;84.9503984
0.5420105229155477;0.1378015139627244;0.5972743545584146;85.0481107
0.5447234139442305;0.14262208390944545;0.5973964506596211;85.1464954
0.5474378726572189;0.1477837013344548;0.5974561882131646;85.2478589
0.5497476517836835;0.15232549072152637;0.5977754765672633;85.3481524
0.5522045791636657;0.15702141179390602;0.5978009157101981;85.4774058
0.5544647911977945;0.16113797034257324;0.5979676981066822;85.5495191
0.5566758908452347;0.16542707114190403;0.5980396928161906;85.6477742
0.5586033690839952;0.1692281452631459;0.5980602286741306;85.7490033
0.5606134160829156;0.17311365729627373;0.5982855910797241;85.8483819
0.5624883812917713;0.17651119415763508;0.5981686336462781;85.9497771
0.5642696330711175;0.18016621890415402;0.5983498206754265;86.1121513
0.5660515946906509;0.18328459409155357;0.598413922010524;86.1517402
0.5676720278148342;0.18659379267595377;0.5984747247928495;86.2494005
0.5690884860919687;0.1894455001164095;0.5986577772786384;86.3522499
0.570666843469166;0.19248707684932392;0.5986890200739748;86.4560417
0.5719763832176616;0.1950464465366241;0.5987618631158482;86.5525416
0.5734012131358341;0.19781055530742458;0.5987246512236218;86.6610959
0.5748213266237052;0.20026412240712446;0.5988014969776564;86.8555707
0.5759347405839231;0.20265682292972895;0.5989307502180508;86.9439945
0.5771252360667978;0.2051632272472379;0.5989428970799807;86.9512676
0.5782255264840481;0.2071658951204867;0.5989283247356323;87.0522453
0.5793030788418189;0.2092549308859072;0.5991120427765112;87.1518592
0.5802009024113228;0.2112165178654622;0.5991533437850789;87.2516764
0.5812339968382797;0.21301950869910896;0.5991708547076128;87.3874972
0.5821558357084312;0.21471854498668938;0.5990808248807559;87.4992847
0.5830370037807191;0.21656532644206217;0.5991830514081783;87.5523938
0.583792206288497;0.21808787552598327;0.5992633655744362;87.6529106
0.5846164613786153;0.2195862678995192;0.5993573763396572;87.7833448
0.5853475789957904;0.22098961554222757;0.5993281764658004;87.8793043
0.5860955148243796;0.22249464903145064;0.599271515314837;87.9721016
0.5866617458731237;0.22385236838146602;0.5992756496342797;88.0629735
0.5872987919958261;0.2250769669647629;0.5993636735400811;88.1580545
0.5878949889708164;0.2261803111398071;0.5994756989480184;88.2540542
0.5885040291054349;0.2273190263168438;0.5995835061796766;88.3541005
0.5890817247944558;0.22838553555451632;0.5994910027038345;88.454996
0.5896196045978005;0.22951030204988793;0.599416745505431;88.5542664
0.5901262945815023;0.23057942043056012;0.5994820171839932;88.6544201
0.5905235982926701;0.23145268115465317;0.5995416429494891;88.7549354
0.5909830333998002;0.23232406155857044;0.5995766224460464;88.8555177
0.5914037318037775;0.23311363210760103;0.5996027788772296;88.9583363
0.5918745148666456;0.2338816194340295;0.5996336665015684;89.0601173
0.5922377897038165;0.23466558914788668;0.5996279754762888;89.1677881
0.592652291831897;0.235421865234562;0.5997204456710069;89.2661115
0.5929894427958985;0.23613105440682547;0.5997330907817199;89.376778
0.5933410427689221;0.2368615145289087;0.5996074607947985;89.4564792
0.5936468098533004;0.23745619782846297;0.5996077758007922;89.5563267
0.5939299376582443;0.2380957573135332;0.5995656575199395;89.6674379
0.5941967259640596;0.23860894871014912;0.5996967937798544;89.7628238
0.5944710171209602;0.23916213338957887;0.5997118943034626;89.8582926
0.5947321858288364;0.2396018659623609;0.5997926710891119;89.9570676
0.5950048834461485;0.24007957454511916;0.5997713002403794;90.0580544
0.5952152103324782;0.24054606112098129;0.5998103770218526;90.1572934
0.5954479649890843;0.24102362342660433;0.5997995844180439;90.2575031
0.5956754620185044;0.24146547047014677;0.5997979151768172;90.3585077
0.5958888890018897;0.24188511554012104;0.5997809391442357;90.4594093
0.5960706477225777;0.24226667048123862;0.5997978821162928;90.5595318
0.5962827825835154;0.24263017246688673;0.5997696857759224;90.6586797
0.5964283941122781;0.24300878729764158;0.5998304753063989;90.7591286
0.596608552090114;0.24335890045161165;0.5997930101202199;90.8592195
0.5967568786362789;0.24369506682671674;0.5998549908275824;90.9606434
0.596926665424638;0.24401174865943806;0.5998543510534033;91.0593903
0.5970853705153978;0.24432461929108815;0.5998220934793069;91.1596974
0.5972030373293052;0.2445491766527674;0.5998670710286425;91.2602115
0.5973460134894768;0.24482513540634096;0.5999071660781046;91.3601775
0.5974895964654515;0.24504738391526362;0.5998524052522454;91.461171
0.5975755653501715;0.24530754373113622;0.5998623108562797;91.5608001
0.597687517455621;0.24551445804668093;0.5999389481895038;91.6607937
0.5978133629711728;0.24569168011294093;0.5999133784350468;91.7607842
0.5979044824791071;0.2458897369264847;0.5999063947534924;91.8616897
0.5980213734078152;0.24608436789434596;0.5999508041757955;91.9623555
0.598108912980481;0.24626321385517833;0.5999178511273936;92.0955154
0.5982030309941975;0.2464560686298784;0.5999376015578295;92.1624884
0.5983045406355677;0.24660605238979855;0.5999514310244535;92.2636919
0.598371273801154;0.24677931067414577;0.599955224203679;92.3882506
0.5984372610096198;0.24691446958727728;0.5999721074641132;92.4708452
0.5985216640997231;0.24706832229656023;0.5999834769667718;92.5678984
0.5986363637063046;0.24721639695185657;0.5999766633250376;92.6635477
0.5986697052385554;0.247351941554964;0.5999346846072354;92.763306
0.5987673806292583;0.24747042676659295;0.5999840702760096;92.8820353
0.5987813254583924;0.24758347061282354;0.6000017646982855;93.0072179
0.5988482614861641;0.24770480630334493;0.6000131575533858;93.0633997
0.598888813761725;0.24781092060009874;0.5999973564781572;93.1638132
0.5990470718579988;0.24721774134732594;0.5999989185015925;93.2645861
0.5991655180926744;0.24365551362627358;0.5998737153663324;93.3640475
0.5990905755158595;0.2366186613364931;0.59995586882854;93.466522
0.5991612084472372;0.22717834171856002;0.5999921831240876;93.5669701
0.5991131623601279;0.21410394378105693;0.5999104185085078;93.6703017
0.5991341035447092;0.20031576925494352;0.5999711901931507;93.7662972
0.5991345113977499;0.18544658404692949;0.6001842912381506;93.8685912
0.599236059534171;0.17173105138889697;0.6000036905070394;93.9698085
0.5993522576836833;0.15690845098912232;0.5999564660104332;94.065898
0.5993560606200371;0.1422688744783675;0.5999719199272593;94.166503
0.5993538387581258;0.12885624290307618;0.5999580409375405;94.2682422
0.5994111702114142;0.1143400398286122;0.5999510113752797;94.3694701
0.5994904749588614;0.10117235344502744;0.5998174614094741;94.4670248
0.5994427482145689;0.0869857513565326;0.5998321374211926;94.5723181
0.599491889323725;0.07393716666086715;0.5999639989381502;94.6676753
0.5986933362948718;0.060515780707769626;0.5999348481883514;94.7669874
0.595863594768225;0.050020319213879415;0.5996207040237156;94.8674759
0.5903835806888013;0.04081116075090327;0.5994572348277216;94.9695923
0.5831070173375726;0.03411064980307593;0.5991424067624803;95.0685354
0.5726244046544788;0.02860311176400808;0.5990517705490788;95.1690973
0.5606385156940774;0.023470744685748873;0.599131630795861;95.2690069
0.5473103283440325;0.015652711395817913;0.5993616943791709;95.3687492
0.5368233879257598;0.006354017625586443;0.5994804437021131;95.4691256
0.5278175976657155;-0.005813870910880249;0.5999042933324519;95.5696809
0.5221663161895503;-0.01855007342704993;0.6003817394969837;95.6705414
0.5179542725073017;-0.03205170836773234;0.6009198080124306;95.7707343
0.5138928529642658;-0.042117937539297816;0.6015301049291465;95.8706381
0.5106334740088238;-0.048581032144682984;0.6019396036207502;95.9707726
0.5085640023405598;-0.05272913935604219;0.6022526959452599;96.0703686
0.5079373545759996;-0.05613450817177864;0.6024271532310465;96.2317268
0.5086821690502421;-0.06242641474318226;0.6024710730011574;96.2771312
0.5108745292063047;-0.0706732889630064;0.6024853817626158;96.3713981
0.5148323403510269;-0.08224098522549413;0.6023857337145432;96.4809358
0.5185868956538218;-0.0932255308842182;0.6022558077824886;96.5717745
0.5225442686462879;-0.10479750649728072;0.6022405257465643;96.6780503
0.5260988647024027;-0.11529136017145065;0.6020292422470648;96.7775655
0.529690996597588;-0.12654436122072243;0.6019334124851661;96.8735964
0.5328414488906646;-0.13655386745826312;0.6018425416332507;97.0105289
0.5362099205481604;-0.14723909766483714;0.601753307593444;97.0741588
0.5390272045943105;-0.15683697298132127;0.6017551883831093;97.1727203
0.5420143520432554;-0.16686927219611197;0.6015862510750275;97.2732506
0.5446663782765597;-0.17591997248701557;0.60153229062102;97.373159
0.5473676882013587;-0.1853319000594784;0.6014479609243898;97.4741288
0.5500122053888051;-0.1946157083352133;0.6013488059290414;97.5742216
0.5523256324507473;-0.2027948347793289;0.6013168577948489;97.6772346
0.554641883633386;-0.21133056929853652;0.601315181259111;97.7750548
0.5566978673852017;-0.21897471093431184;0.6012669430339043;97.8747014
0.5587983727588802;-0.2270763657587525;0.6011857147546249;97.975717
0.5606480281051776;-0.2342763284029375;0.6011388810261544;98.0751269
0.5626159285050452;-0.24172014199884315;0.6010536942443829;98.1750578
0.5643063408163099;-0.24847432036703923;0.6010584452798391;98.2759284
0.566105993761898;-0.25533757703967136;0.6008541204020553;98.3786066
0.5675969341787216;-0.261511303283421;0.6009609794005544;98.4759566
0.5691891913301376;-0.2679317300602176;0.6009004644363941;98.6579839
0.5706853581153282;-0.27393375055690855;0.6007868166770524;98.7044745
0.572137856187269;-0.27987861043645235;0.6007454923624562;98.7765956
0.573365141068564;-0.285144602819511;0.6008165125435831;98.8777366
0.5747477169481887;-0.29047623498475933;0.6007354242987315;98.9772331
0.5758864976655308;-0.29542145220645544;0.6005659772010356;99.0811054
0.5770912561904452;-0.3003916303739201;0.6005770908089255;99.1786196
0.5782756452331616;-0.30516140125035146;0.6004827131112502;99.2779794
0.5791821101393695;-0.30942003728453465;0.6006196956180251;99.3783451
0.5802581479360274;-0.3137377023449799;0.6005286080133838;99.4790749
0.581163269985302;-0.31749308364026413;0.60056640192844;99.5786058
0.5820611582340861;-0.3216214558797846;0.6004995133884359;99.6797767
0.5828625340398036;-0.32515497724299464;0.6004049588891036;99.7801807
0.5837710296838872;-0.3286394435174721;0.6004112643831122;99.8963
0.5845555411120217;-0.33192894333684125;0.6004184517497424;99.9804939
0.5852435024983328;-0.33525908539364274;0.6004561142802932;100.0802368
0.5858808658842871;-0.3382113505890053;0.6004351551137479;100.1799091
0.5866043737511863;-0.34122478162138975;0.6003418155526635;100.2805033
0.5872929107896686;-0.3438195539502961;0.6003699050590237;100.3804582
0.5878728314784523;-0.3465414398723048;0.6003334791357846;100.4803737
0.588415557343197;-0.34905317498876814;0.6002707814794995;100.5820534
0.5889914652417791;-0.3516557744374995;0.6001481043298647;100.6817443
0.5894900356714212;-0.3537978516574639;0.6003256309154913;100.7808137
0.5899799837156621;-0.355977282928016;0.6003373522211318;100.8834976
0.5905147758685616;-0.358109699078793;0.6003065133111133;100.9847367
0.5910164502892391;-0.3600165824504927;0.600203958843213;101.0835554
0.5914137162189801;-0.3620459892198646;0.6002323267115782;101.1819768
0.5917775443467787;-0.36379392427855406;0.6003025547247682;101.2843885
0.5921442233938644;-0.3656308417254272;0.6002433623042687;101.3829519
0.59250695096729;-0.36719174765019774;0.6002402972192552;101.4826181
0.5929155272554667;-0.36882997256453987;0.6001283986809215;101.5841052
0.5932592794052091;-0.37026756613069944;0.6000457622284127;101.6843632
0.5935778418462369;-0.37166511794074075;0.6001566159273319;101.8269097
0.5939160691596711;-0.37292932510399585;0.6001959163615104;101.9400312
0.5942083174660857;-0.37425981231221506;0.6002073936509622;101.9947213
0.5944946098742214;-0.37544003339246396;0.6001566909697247;102.1691366
0.5947801365079625;-0.3766911992723078;0.600159690877308;102.2359756
0.5950164432221979;-0.3778913824183875;0.6001597057393686;102.3118744
0.595266482084171;-0.378994186355479;0.6001145296070529;102.3855105
0.5954580035682095;-0.3799666457034196;0.6001018926751834;102.4853292
0.5956787296800728;-0.3809750871574021;0.6000211333490391;102.5854007
0.5958595316918734;-0.38192604412230974;0.6000964435328238;102.6854439
0.5960165987737615;-0.38272543896667477;0.6001857081186941;102.7855658
0.5962321019652366;-0.38354341061087066;0.6002176060376149;102.8868247
0.5964233071975753;-0.3843302295927959;0.6001266422782743;102.9883996
0.5966158208940007;-0.38503696133584914;0.6001056718462942;103.0896867
0.5967798489877287;-0.3857362558882152;0.6001248872864599;103.1875671
0.5969327038911142;-0.3864374986701124;0.6000878047628924;103.2904631
0.5970829941557464;-0.3871054589779852;0.6000516423455969;103.390266
0.5972402062943705;-0.38773016189101145;0.5999635272793492;103.4886713
0.5973823906216963;-0.38821552948423804;0.5999963601173146;103.5874397
0.5975249849523923;-0.3888398145832288;0.5999878066008246;103.6890513
0.5976298238878361;-0.38933704742435615;0.600055295012081;103.7908425
0.5977599386798187;-0.38985030140449467;0.6000292303397323;103.8887436
0.5978495695004422;-0.39032128624403556;0.6000183265372427;103.9881943
0.5979671907013289;-0.390781536411465;0.600028726104774;104.0891415
0.5980300326107534;-0.3911799114526615;0.6000523367421366;104.1918229
0.5981286541662362;-0.39162837128057043;0.6000524668252076;104.2943792
0.598230480215757;-0.392050408196073;0.6000753852269685;104.3899044
0.5982810199864116;-0.3923978860625283;0.6001094672803389;104.4894425
0.5983764999678706;-0.3927670435576353;0.6000832276859742;104.5909069
0.598432053686106;-0.39316471218370636;0.6000424067457313;104.6908988
0.5985471387701867;-0.3934980583203056;0.6000655049083516;104.7904489
0.5985977608904935;-0.39380406204018037;0.6000482806225356;104.8922292
0.5986463085373434;-0.394082283470026;0.6000441364754595;104.992092
0.5987131477659002;-0.394363219319354;0.600018614463564;105.0907886
0.598782285972023;-0.3946626874005569;0.6000743392432887;105.1939794
0.5988380775105715;-0.39492487095629986;0.6000038812830629;105.2915788
0.5989030539762817;-0.39513961704110484;0.6000628371553156;105.3913269
0.5989502970093263;-0.3953498820395127;0.6000188571403265;105.4925926
0.5989927333801973;-0.39558750010019034;0.600062825741062;105.5931513
0.5990339105165918;-0.39581834865755644;0.6000663439715318;105.6925399
0.5990912481484458;-0.39599749379935806;0.6000261682530041;105.7922848
0.5991230556572861;-0.39617146415754584;0.6000349761757975;105.8934919
0.599172505297796;-0.39552466728610064;0.6001132301097118;105.9925191
0.5991838463573101;-0.3918038980734829;0.5999671243048856;106.094004
0.5992824210461316;-0.38462437310566017;0.5998605904516563;106.193263
0.5993135775502754;-0.3750265283135714;0.5998620891463701;106.2954477
0.5992946141143011;-0.3615662512210841;0.6000638444385228;106.4365817
0.5993305068169497;-0.3462238751195105;0.599958760955008;106.5464804
0.5993428169837833;-0.33202510101504096;0.6000286230142065;106.6271012
0.5993874680127466;-0.31683135757786485;0.6001493516844253;106.6958588
0.599498880643585;-0.30267509234254647;0.6000589847380143;106.7951197
0.5994079776574865;-0.28751811106617353;0.6001437955691221;106.8950639
0.5995059513259127;-0.2736011463990051;0.6000896443784801;106.9955626
0.5995072509936161;-0.25848083039062686;0.6000694015545244;107.0961145
0.5995009191124538;-0.24457463194420706;0.6000403307365961;107.1956183
0.599574489458969;-0.22964835853030743;0.6000647402684551;107.2965532
0.5996376387233805;-0.21575998147434294;0.5999525738988537;107.394998
0.5996345683361994;-0.20075212419559277;0.6000044679122741;107.5006624
0.5996052376348977;-0.18724243365140106;0.6000262093998029;107.5966563
0.5996325965436988;-0.17233149113912774;0.6000683824718688;107.6979017
0.5996557200107252;-0.1589093026612981;0.5999710498127119;107.8002059
0.5996429514520867;-0.14412708339890107;0.600017589327521;107.8979473
0.5996539912981436;-0.13079730431783593;0.5999436079452141;107.9979853
0.5996995790036145;-0.11622093364256575;0.6000347631919516;108.1023261
0.5997958601760235;-0.10169961984826377;0.5999265888011753;108.1976786
0.5998298816039364;-0.08854298794068306;0.5998502313427224;108.2976102
0.5997963377991303;-0.0742887472601224;0.5999871875399738;108.3990072
0.5989937642036866;-0.062052474426548716;0.5998332434395547;108.5008947
0.5958936290792934;-0.05083133191652417;0.5990802185197416;108.5986235
0.5908087294279795;-0.04248755512273717;0.5983795170446244;108.6993377
0.5829771949026122;-0.035328189817024035;0.5975248077761307;108.7989228
0.5732324991904588;-0.030306816220535177;0.5973993417002853;108.8984915
0.560262070073232;-0.02484485175745664;0.5972993958668693;108.9993537
0.5477794176378726;-0.01775770415220704;0.5976166205444463;109.1045332
0.5361611660743606;-0.007851855386154414;0.5983693830698682;109.2043062
0.5275596852922705;0.0031622718005419816;0.5994528389134016;109.3004987
0.5204129218924144;0.015184884462921792;0.6005278146919895;109.4006121
0.5149487592256984;0.02475485931871452;0.600505488264343;109.500956
0.5103225322242894;0.034695174463490734;0.5988800813019025;109.601072
0.5062953511910716;0.04103659274908344;0.5969871177267434;109.7010793
0.502587996570469;0.045108871828755226;0.595173264390327;109.8012553
0.500859519378755;0.048545852207860396;0.5942303671803159;109.9013202
0.5008586023099704;0.05410715279527021;0.5936702375026105;110.0022821
0.5027164875794352;0.06271096245262046;0.5932334825839164;110.1014097
0.506127233649874;0.07291232355968225;0.5934080275265418;110.201985
0.5105571926807707;0.08490131094989913;0.5937404567605507;110.3029312
0.5146607406696785;0.09563155486161834;0.5939454316686229;110.4028285
0.5187424962697532;0.10728919385923104;0.5943991306433378;110.5028661
0.5223694665589437;0.1177456744098668;0.5945651885426255;110.6031971
0.5260728510211726;0.1288898303840726;0.5949184251605081;110.7029334
0.5294447483123298;0.1389146636061441;0.5950592412383393;110.8029941
0.532878749980173;0.14937175634721817;0.595292670779728;110.9041574
0.535938285536729;0.1588590815492772;0.5954131955490991;111.0043512
0.5390522230731013;0.16887580634310004;0.5957097748593944;111.1041191
0.5417728452638735;0.17780101960182068;0.5960117276111249;111.2040983
0.5446710856781761;0.18713257821847598;0.5962101276151436;111.3051553
0.5471099494595817;0.19565241180987855;0.5963682034743926;111.4553762
0.5498123986587693;0.2045512494555193;0.5966117795044098;111.5079561
0.5523415298216439;0.21314362411666485;0.5967324761288075;111.6178482
0.5544345602979857;0.220848278787156;0.5968560785718984;111.7064761
0.5566956894220535;0.22881911607035857;0.5971115356576647;111.8052485
0.5587325053384833;0.23598794543837956;0.5971545964410991;111.9101512
0.5607015077698932;0.24347246180779836;0.5972056632589822;112.0065277
0.5624868877137412;0.25002857507722037;0.5974561855957752;112.1061996
0.5643755952323216;0.25692182677543296;0.597450491768734;112.2061899
0.5660369429856812;0.2630693489034633;0.5974917424255061;112.3071662
0.5676814906360611;0.26939695757050625;0.5977193941661646;112.4073808
0.5690902540869721;0.27508875820430323;0.5978042921248761;112.5464455
0.570750726195354;0.2810194967979954;0.5978563678873992;112.6078878
0.5720518704907114;0.28614796969529366;0.5979462758815556;112.7088084
0.5734416318036496;0.29158576887734217;0.598141679599189;112.8116084
0.5745876553749572;0.29641452452846573;0.5982148836768707;112.9087104
0.5759176445630675;0.3013048875297738;0.5983344882608395;113.0084994
0.5770239934471049;0.30571484189391906;0.5983266792211968;113.1133198
0.5781497474840434;0.3103418500349449;0.5983416748525031;113.2100869
0.5792075918871638;0.31454731572056915;0.5985563134268085;113.3099179
0.5801220563558153;0.31844105547237717;0.5985690728133766;113.4111976
0.5811370977109812;0.32230811375526985;0.5987701412853789;113.5102966
0.581988610666534;0.3258821540776757;0.598719308674482;113.6107033
0.5829586347395871;0.3294114485933905;0.5987668220172822;113.7106446
0.5836929060929116;0.33254839419379495;0.5989263665114822;113.8095754
0.5844520046269868;0.3358967512203351;0.5989121466996133;113.9104695
0.5852088056293473;0.3387101051433666;0.5989638396437942;114.0106394
0.5858878956923731;0.3417716769444211;0.5991172661874966;114.1116991
0.5864962420070625;0.34437172528554394;0.599132550090389;114.210611
0.5872695801350699;0.3470240069108065;0.5989899457257789;114.3121939
0.5878579265399959;0.34950029875585914;0.5991851672685612;114.411342
0.5883838491893023;0.35205708028297333;0.599225324096205;114.5131127
0.5889557814774754;0.3541693417794202;0.5991917294442984;114.6152502
0.5895385314366482;0.35639633446462976;0.5991710006714237;114.7132001
0.5899688469241261;0.35840535729057615;0.5994106319508397;114.8127654
0.590417429362777;0.3605062637575262;0.5994754165587083;114.9124652
0.590928876421451;0.36233707487553746;0.5994210838644013;115.0142783
0.5913593698012776;0.364009176490023;0.599410317918079;115.1128696
0.5918088763896525;0.3658271147941939;0.5993835219552752;115.2435601
0.5921513604175889;0.36750191370327817;0.5995463039407535;115.3131983
0.5924805169254584;0.3691307144240728;0.5996128287931416;115.4134658
0.5928633251140516;0.3704578926229583;0.5995191234837178;115.5138318
0.5932793620889649;0.37186979818689864;0.5995200128006308;115.6226419
0.5935944287210068;0.37316163378232425;0.599526637517296;115.7147295
0.5939256970761417;0.37451794881759715;0.5994382437581812;115.8142012
0.5941680459212317;0.37574499361128455;0.5995188631880586;115.9150209
0.594409715725433;0.3769457772675388;0.599679875646788;116.0300595
0.5946428454008051;0.3779984116404873;0.5997362264454809;116.1151623
0.5949077968016456;0.37906038991567576;0.599708917123354;116.220951
0.5951742461779028;0.3799566420686839;0.5997252623445926;116.3152281
0.5954841075754956;0.3809288336246068;0.5996888156239911;116.4172514
0.5956599144723518;0.3818012310008956;0.5996862623273317;116.5155144
0.5958715649078145;0.3827147899714406;0.5996713806245911;116.6161388
0.5960956354773629;0.3835157730136432;0.5997130840428712;116.7163292
0.596268869752795;0.38437970353780726;0.5997263302575165;116.8162556
0.5963955329173628;0.3851553525213304;0.5997261971599599;116.9172612
0.596543840462325;0.3858474006560055;0.5998312352442078;117.0180681
0.5966990845150739;0.38658428874337886;0.5998286878845178;117.1185797
0.5968590665392982;0.3871423170599316;0.5998262409688399;117.2206885
0.5970112743364584;0.3877506709912935;0.599824103099428;117.3183807
0.5971810812592085;0.3883102200871701;0.599745907550254;117.421116
0.5973189427626594;0.38886622529674814;0.5998296839256935;117.5214773
0.597455084512999;0.38935325307125884;0.5998138609002959;117.6177043
0.5976110843801772;0.3898475310397616;0.5998443277574174;117.7191202
0.5977082335866919;0.39032692288392423;0.5998313669723894;117.818739
0.5978012199301155;0.39083247372776164;0.5997933656855563;117.9210616
0.5979137070257331;0.391277606231391;0.5998128712108157;118.0180948
0.5979872587850225;0.3917095856098943;0.5997903223360087;118.1191644
0.5981067706368496;0.3921258073760833;0.5998041381981134;118.2193015
0.5981996720732711;0.3924717164089351;0.599863927301942;118.3213859
0.5982719311366674;0.3928397318750439;0.5998960920061907;118.431161
0.5984023679333995;0.39322900270201117;0.5998318775450626;118.5206825
0.598449100575184;0.3935377433956825;0.5998832547206054;118.6202796
0.5984866443375177;0.39387424039856467;0.5999028547324817;118.7200942
0.5985522054092248;0.39413440673321126;0.5999067437661395;118.8201341
0.5986587569174725;0.3943952588716422;0.5999307012499859;118.921035
0.5987256311174344;0.3946843321255309;0.5998755146810075;119.0496503
0.5987550282930264;0.3949385254933319;0.5999642503762088;119.1224575
0.5988037068641281;0.39521275263938044;0.5999119355467691;119.2216633
0.5988613057952544;0.39539589140035536;0.5999591577184004;119.3222776
0.5989008860353345;0.3956170293208163;0.5999843192179919;119.4220951
0.5990142436705678;0.39580628974145027;0.599973649611703;119.5224541
0.5990334053949384;0.395999024611723;0.5999617856801343;119.6239205
0.5991015079289498;0.39616053097492976;0.6000155480307607;119.7233674
0.5991172103959206;0.3963942252694746;0.6000262980388816;119.8236734
0.5991800795992321;0.39653706276902495;0.599961849381817;119.9235127
0.5992308431942385;0.3966992910690475;0.5999828635304292;120.0238345
0.5992579184391409;0.39684708502805394;0.599974141238873;120.1234466
0.5992966014438322;0.3970105014838606;0.5999984738770474;120.2237061
0.5993201497217299;0.39713715491702756;0.5999847805674442;120.3242478
0.5993952580857087;0.3972972876486923;0.5998480876187399;120.4242835
0.5994211788279972;0.39742738989897863;0.5999098859046015;120.5253297
0.599414796302438;0.39754493801256785;0.5999645402518538;120.62489
0.5994472087056746;0.3976937807755664;0.5999372689748046;120.725188
0.5994926875009743;0.39777660564398726;0.5999170526729491;120.8262626
0.5994908719996008;0.397891397021121;0.5999705452781962;120.9255514
0.5995276901025681;0.39795052896817695;0.5999592737057632;121.0292495
0.5995595574121592;0.3980838475279098;0.5999173355411945;121.1269735
0.5995711681895192;0.39820363619145394;0.5999121106544812;121.2280041
0.5996152414435125;0.39824134762858787;0.5999887247174737;121.3266035
0.5996272506334897;0.3983388695070169;0.5999875630413143;121.4261483
0.5996296777045879;0.3984119990744163;0.6000041510469236;121.5271685
0.5996636939454514;0.39849666210941576;0.5999804305634322;121.6280716
0.5996500972976124;0.398583849852794;0.5999976166869602;121.7279866
0.5996736220241936;0.398636861750961;0.5999863093995565;121.8281996
0.5996990007960695;0.3986779151586465;0.6000142215834443;121.9305755
0.599694837759019;0.3987947452329846;0.5999549999056865;122.0290503
0.5997319021666966;0.39882566970575967;0.5999530136579272;122.1316516
0.599766078024273;0.39887470354763416;0.5999740183676063;122.2315465
0.5997501168946362;0.3989178282386278;0.5999881994893312;122.3292787
0.5997603032716797;0.3989924944722206;0.5999357416780513;122.4295726
0.5997711111481678;0.3990061275870611;0.6000140482563668;122.5294867
0.5998054536551124;0.3990862045899538;0.5999707273922855;122.6312194
0.599810441646209;0.3991139897417444;0.5999538756385046;122.729754
0.599804738353462;0.39916710927803917;0.5999673061473487;122.8299588
0.59984177728444;0.3991979694992584;0.5999874904533252;122.959068
0.5998404972781307;0.3992340279308352;0.5999880748509576;123.0305238
0.5998323508813856;0.39926660645657946;0.5999637754069663;123.1304542
0.599835732318921;0.39929857386011175;0.5999646035126843;123.2307493
0.5998261959833042;0.3993576225016826;0.6000236937604951;123.3307605
0.5998525056450498;0.3994006518211754;0.5999813456430994;123.4307034
0.599869416643949;0.39937570293764985;0.6000341536650942;123.5318142
0.5998840957663694;0.39942428056386764;0.5999916580925139;123.6310749
0.5998830582674527;0.3994554892994632;0.6000189409617227;123.7316668
0.5998792568423936;0.39950768371503825;0.6000110464912218;123.8323202
0.5998994433373473;0.39953510769118156;0.5999944453505367;123.9339711
0.5998895329808673;0.399554053266561;0.6000237206555523;124.0324392
0.5999081439401829;0.3995567318634702;0.5999358877142277;124.132318
0.5998871675677775;0.399562592592315;0.6000225702587721;124.232304
0.599889423379504;0.3995669512554861;0.6000223020271082;124.3325956
0.5999221361255405;0.3996257736023214;0.6000045157083302;124.4344836
0.5999116958455327;0.39966349719596833;0.5999756576495185;124.5333105
0.5999115634256885;0.3996525084744976;0.6000130702718783;124.6331257
0.5999100432429885;0.3996724234543469;0.5999894921659379;124.7332704
0.5999263851784152;0.3996756672165797;0.5999588244900373;124.8344977
0.5999265011343405;0.3997106925734121;0.5999636513811805;124.9346162
0.5999366489776424;0.3997220476257378;0.5999714902564109;125.0343156
0.5999462328460085;0.3997314612067808;0.5999331775553705;125.1346034
0.5999704691970124;0.3997339902465553;0.5999950965806151;125.2363088
0.5999355867215944;0.3997951579994975;0.6000278821821167;125.3698063
0.5999319841361608;0.39975060727176975;0.6000410321441748;125.4345071
0.5999381867462223;0.3997933349921786;0.6000275978894033;125.5349209
0.599937761724645;0.39979153868332346;0.6000320824964873;125.6356502
0.5999578219112279;0.39980614251063584;0.6000253488067941;125.7357428
0.599974100500881;0.399818709983698;0.5999596438708704;125.836963
0.5999417320615535;0.39984093398851506;0.5999866488020962;125.9356329
0.5999681612931772;0.3998111860036187;0.6000062921486562;126.0391513
0.5999448198785232;0.3998455528550189;0.5999741820770828;126.1364738
0.599959506020823;0.3998335657902337;0.5999656661497014;126.254819
0.5999607409557193;0.3998326359379617;0.6000069650287485;126.3374345
0.5999818018276348;0.39983823840606003;0.600020363601962;126.437206
0.599981070572431;0.3998680245114774;0.5999858182373567;126.5387219
0.5999565372310363;0.3998704567682048;0.6000413708178821;126.63727
0.5999673547550958;0.3998678188387031;0.6000431937762486;126.7383846
0.5999639853286718;0.3999074164084618;0.6000107782868469;126.839918
0.5999646721840277;0.3999014955239834;0.6000070078712376;126.9427258
0.5999761776084933;0.39992778244128735;0.5999898664099408;127.0386368
0.5999764591036564;0.39991347730638566;0.6000165542670584;127.1381629
0.5999846330368254;0.3999190498027078;0.5999723049143781;127.2393959
0.5999665512479845;0.3999467588501121;0.5999851956043738;127.3713108
0.5999696774192826;0.39991831658753474;0.5999903635203946;127.4908843
0.5999789226614867;0.39993863488903814;0.5999987390863463;127.5744189
0.5999621117181761;0.39994618803195386;0.5999889649063389;127.6399632
0.5999800334048857;0.39995338467051605;0.5999808960404348;127.7397512
0.5999747196815631;0.399936649580004;0.5999994676216266;127.874194
0.5999896110294172;0.3999516613549107;0.5999749074297943;127.950124
0.599964455818909;0.399945989289062;0.5999569661638385;128.0400383
0.5999961526428894;0.3999359877733946;0.599932954688064;128.1407987
0.6000041170905536;0.3999604058521145;0.5999313631829122;128.2400675
0.5999896030589805;0.39992956334240454;0.5999578108923863;128.341011
0.5999966527176617;0.3999489130828293;0.599971423939351;128.4409663
0.599991030299742;0.3999555903156354;0.5999792123191416;128.5421978
0.5999925822990952;0.3999739794656461;0.5999545615370434;128.6471792
0.5999906488832235;0.3999840938939272;0.5999733030123238;128.7433232
0.6000032268773098;0.39995847833102227;0.5999978866927406;128.8443042
0.6000006094005655;0.3999715850287908;0.599968818296498;128.9431979
0.5999701813859967;0.39997881328174434;0.6000061745947953;129.0423101
0.6000179916420368;0.3999706247147398;0.599949025731993;129.1428497
0.6000187136596765;0.39996288546697734;0.5999728618435777;129.2434014
0.599999268010695;0.39998047203031206;0.5999818918526266;129.3519598
0.6000174364779204;0.40000540792848355;0.5999932123326697;129.4444865
0.5999997626814232;0.3999982880280301;0.5999653696691667;129.5435287
0.5999936365821102;0.40001579341210514;0.600000122123831;129.6441497
0.5999976128890204;0.40000042263196944;0.5999883027032137;129.7442556
0.6000254699949419;0.39998539774452596;0.5999881547072027;129.8449889
0.5999992041025637;0.3999980724369279;0.5999993388535589;129.9447687
0.6000453558710408;0.39999356976512;0.5999882251310429;130.0449225
0.6000113971809915;0.39999432044864586;0.5999633889055278;130.1450827
0.6000439780997218;0.39999603912964893;0.5999752415284557;130.2469575
0.6000128487096685;0.39999195103018303;0.6000033330988218;130.3462184
0.6000232964350766;0.3999907019925692;0.6000100420421886;130.449863
0.5999892105342486;0.39999636768469937;0.600011874378644;130.5469153
0.6000034224895072;0.39999050357357435;0.5999830664920801;130.6452495
0.6000101135569736;0.39999535353406707;0.6000331015721209;130.745664
0.6000170219765941;0.39997816455121254;0.6000112454597619;130.8524674
0.5999996989101113;0.4000189050267335;0.6000122057736759;130.9469588
0.5999971018864804;0.40000179027886723;0.6000220986293149;131.0463582
0.5999918636961327;0.40000396569309676;0.599978476790777;131.1553409
0.599979597971527;0.4000011777200117;0.6000184446516033;131.2505406
0.5999860895922663;0.3999916536992457;0.5999994057235661;131.3486218
0.599986082115582;0.3999757899085292;0.6000384613154514;131.4866796
0.5999792543372855;0.40000890222623614;0.5999941883167652;131.5542377
0.5999853986431146;0.3999898150692822;0.6000345676101358;131.6478075
0.6000057418513008;0.39998528668802347;0.6000117602141813;131.7485177
0.599982993110563;0.3999870292301055;0.600011952138004;131.8508944
0.5999644535085982;0.40000956582708364;0.6000353552688051;131.9509035
0.5999981317373314;0.3999975616473308;0.5999869607112988;132.0486674
0.5999887443334061;0.4000009369085182;0.5999920965732539;132.1522604
0.5999942486238968;0.40001148255885743;0.6000261758509013;132.2492916
0.6000091255256759;0.3999932377378396;0.5999908213533328;132.349969
0.6000342435287591;0.399999206542315;0.5999841928961055;132.4587205
0.6000016665296074;0.4000023816645906;0.5999689340268045;132.5580686
0.5999895619101152;0.3999871106488866;0.6000145505267364;132.6710164
0.599994516516713;0.39997829072872537;0.6000149835306272;132.7498789
0.6000147132371901;0.3999531558842863;0.6000267553418147;132.8513383
0.6000051351953596;0.3999802688007182;0.6000191393107567;132.9505674
