0.6052244109532685;0.5082902321778163;0.6001582448561745;19.4426575;0.2;0.01;0.03;0.0001;0.01;0.3
0.6052348531459341;0.5082503272121707;0.6001869898253236;19.5409845;0.2;0.01;0.03;0.0001;0.01;0.3
0.6052195494169079;0.5082662460609123;0.6001582538660482;19.6431178;0.2;0.01;0.03;0.0001;0.01;0.3
0.6051080233758029;0.5074368689538876;0.6002827687555848;19.7723244;0.2;0.01;0.03;0.0001;0.01;0.3
0.6050387405847361;0.5032851536500043;0.6002150262418249;19.8419116;0.2;0.01;0.03;0.0001;0.01;0.3
0.6050307962609573;0.49571912914778693;0.6000669447084755;19.9419453;0.2;0.01;0.03;0.0001;0.01;0.3
0.6047969042604245;0.4860312808619438;0.6000481073886093;20.0415953;0.2;0.01;0.03;0.0001;0.01;0.3
0.6045458775409381;0.47250405707768495;0.6002548946005003;20.1504846;0.2;0.01;0.03;0.0001;0.01;0.3
0.6043095810750373;0.45699239289120874;0.6001192818167344;20.2453139;0.2;0.01;0.03;0.0001;0.01;0.3
0.6040062730024811;0.4373049256746268;0.59994595036429;20.3560818;0.2;0.01;0.03;0.0001;0.01;0.3
0.603841205484267;0.41806285136508065;0.6001838806603682;20.4428309;0.2;0.01;0.03;0.0001;0.01;0.3
0.603689149575239;0.39745841495141104;0.6000430750026711;20.5427884;0.2;0.01;0.03;0.0001;0.01;0.3
0.6033972323054237;0.3783716601353247;0.5999068736408637;20.6427233;0.2;0.01;0.03;0.0001;0.01;0.3
0.603128653812808;0.3577226750779369;0.6001098278160477;20.7426269;0.2;0.01;0.03;0.0001;0.01;0.3
0.6030221052825855;0.3387575943103805;0.6000324249611652;20.8428985;0.2;0.01;0.03;0.0001;0.01;0.3
0.6028072833389866;0.31822251124451584;0.5999422356492086;20.9429645;0.2;0.01;0.03;0.0001;0.01;0.3
0.6026838138460863;0.2990450098904256;0.6002390295525414;21.0433572;0.2;0.01;0.03;0.0001;0.01;0.3
0.602491717937444;0.2785836346753783;0.6001013769250936;21.1443341;0.2;0.01;0.03;0.0001;0.01;0.3
0.6022398509093698;0.25972544652637175;0.6003312046983553;21.3211495;0.2;0.01;0.03;0.0001;0.01;0.3
0.6021343288799595;0.23928995594246363;0.6000680729485293;21.351557;0.2;0.01;0.03;0.0001;0.01;0.3
0.601902801102688;0.22060279762536567;0.6003154836036776;21.4471043;0.2;0.01;0.03;0.0001;0.01;0.3
0.6017437753337344;0.20040039129545562;0.6002816549053095;21.5445353;0.2;0.01;0.03;0.0001;0.01;0.3
0.6016091900401543;0.18008005926315188;0.6003466597699044;21.6451498;0.2;0.01;0.03;0.0001;0.01;0.3
0.6016302529375385;0.16136994759498283;0.6000802905311681;21.7465946;0.2;0.01;0.03;0.0001;0.01;0.3
0.6006443237585662;0.14160464837007578;0.5998501773895417;21.8511897;0.2;0.01;0.03;0.0001;0.01;0.3
0.5972513621388706;0.12515207693432423;0.5998057862496318;21.9453871;0.2;0.01;0.03;0.0001;0.01;0.3
0.5909681625486397;0.10919107146668214;0.599452166131464;22.0457796;0.2;0.01;0.03;0.0001;0.01;0.3
0.5828396098912257;0.09579998117289032;0.5993586264782934;22.1471438;0.2;0.01;0.03;0.0001;0.01;0.3
0.5712448499694779;0.0829759112608285;0.598968690345319;22.2459275;0.2;0.01;0.03;0.0001;0.01;0.3
0.5579950266922833;0.07229991208680582;0.5989468275924694;22.3736015;0.2;0.01;0.03;0.0001;0.01;0.3
0.5408037542240858;0.061665519771601535;0.5986966805594388;22.4469533;0.2;0.01;0.03;0.0001;0.01;0.3
0.5220457238214289;0.05139712243104218;0.5985322331045917;22.5470049;0.2;0.01;0.03;0.0001;0.01;0.3
0.5001798421095359;0.038028024549119355;0.5985204967454038;22.6466061;0.2;0.01;0.03;0.0001;0.01;0.3
0.48020830435556777;0.023068660221640665;0.5987246904495591;22.7467754;0.2;0.01;0.03;0.0001;0.01;0.3
0.46006319816415864;0.003961203105837291;0.5991181866060782;22.8487696;0.2;0.01;0.03;0.0001;0.01;0.3
0.4434637526998614;-0.015909969557937352;0.5994578371997513;22.9475403;0.2;0.01;0.03;0.0001;0.01;0.3
0.4275158205883138;-0.037132022625588554;0.6000172665534367;23.0480753;0.2;0.01;0.03;0.0001;0.01;0.3
0.4135652944539821;-0.05400836091941996;0.6002319324017463;23.1494743;0.2;0.01;0.03;0.0001;0.01;0.3
0.3997732543832292;-0.06965608251931951;0.6004735182606149;23.2488965;0.2;0.01;0.03;0.0001;0.01;0.3
0.3887872338470918;-0.08187705410419648;0.6005765637347635;23.3502696;0.2;0.01;0.03;0.0001;0.01;0.3
0.37913638344727446;-0.09418218683781994;0.6006659889311483;23.4485978;0.2;0.01;0.03;0.0001;0.01;0.3
0.37257928375743815;-0.10716669820556074;0.6007838698778369;23.5490114;0.2;0.01;0.03;0.0001;0.01;0.3
0.3694204434685243;-0.11972637660031615;0.6006917703163014;23.649684;0.2;0.01;0.03;0.0001;0.01;0.3
0.36903647077443036;-0.13393851526061096;0.6008611179822604;23.7494535;0.2;0.01;0.03;0.0001;0.01;0.3
0.37142791478301396;-0.1476452219422032;0.6009926713877408;23.8507036;0.2;0.01;0.03;0.0001;0.01;0.3
0.37716192755350864;-0.16330103513046162;0.6008966566929961;23.950748;0.2;0.01;0.03;0.0001;0.01;0.3
0.3852443562170554;-0.1780170299386697;0.6009633311012106;24.0500055;0.2;0.01;0.03;0.0001;0.01;0.3
0.3969943858445306;-0.1941168057506174;0.6009025227286411;24.1502333;0.2;0.01;0.03;0.0001;0.01;0.3
0.4079506240108272;-0.20845364387546336;0.6008199078293674;24.250633;0.2;0.01;0.03;0.0001;0.01;0.3
0.41939297695533;-0.22370135125721746;0.6007408355727705;24.3506497;0.2;0.01;0.03;0.0001;0.01;0.3
0.4294704476789279;-0.23725782268776813;0.6006599217488849;24.450618;0.2;0.01;0.03;0.0001;0.01;0.3
0.43978249154243143;-0.2513859806549015;0.6008787102308859;24.5518157;0.2;0.01;0.03;0.0001;0.01;0.3
0.4490067272150682;-0.26414874437808383;0.6007175962658517;24.6514215;0.2;0.01;0.03;0.0001;0.01;0.3
0.4583624843928962;-0.27745835150289044;0.600780421175918;24.7522119;0.2;0.01;0.03;0.0001;0.01;0.3
0.4667056161121191;-0.2893563095976696;0.600624340698057;24.8526266;0.2;0.01;0.03;0.0001;0.01;0.3
0.4751833711795059;-0.3015259855970301;0.600582409504271;24.9547453;0.2;0.01;0.03;0.0001;0.01;0.3
0.4826359608478832;-0.3124450568062203;0.6006549841766701;25.0518353;0.2;0.01;0.03;0.0001;0.01;0.3
0.49025920242687415;-0.32382039442629923;0.6004354904088357;25.1526518;0.2;0.01;0.03;0.0001;0.01;0.3
0.49734503077341513;-0.33451420489048533;0.6004665137407408;25.2526232;0.2;0.01;0.03;0.0001;0.01;0.3
0.5035254048085614;-0.3439359643417885;0.6004015472838715;25.3533187;0.2;0.01;0.03;0.0001;0.01;0.3
0.5098205615172436;-0.3536570502610853;0.6003875480581888;25.4540391;0.2;0.01;0.03;0.0001;0.01;0.3
0.5152416979949264;-0.36204541484568886;0.6004053074117481;25.5532716;0.2;0.01;0.03;0.0001;0.01;0.3
0.5208551715845628;-0.37081323030701135;0.6002457049233655;25.653647;0.2;0.01;0.03;0.0001;0.01;0.3
0.5256450026853358;-0.3783821380883956;0.6002781466947689;25.7538029;0.2;0.01;0.03;0.0001;0.01;0.3
0.530605038734666;-0.3862590946620369;0.6001770125733162;25.8546207;0.2;0.01;0.03;0.0001;0.01;0.3
0.534884000309111;-0.39298610213026036;0.6003273022539809;25.9572829;0.2;0.01;0.03;0.0001;0.01;0.3
0.5392531591861867;-0.399955839743013;0.6001486991035977;26.054555;0.2;0.01;0.03;0.0001;0.01;0.3
0.5429455324430971;-0.40589202876616914;0.6002261320695228;26.1555209;0.2;0.01;0.03;0.0001;0.01;0.3
0.5467918311783726;-0.41206134053441085;0.6002275635057381;26.2555426;0.2;0.01;0.03;0.0001;0.01;0.3
0.5500618367406959;-0.41739464079431104;0.6001719420750095;26.3558082;0.2;0.01;0.03;0.0001;0.01;0.3
0.5534142187218313;-0.42279972542533517;0.6002238461360607;26.4587549;0.2;0.01;0.03;0.0001;0.01;0.3
0.5563324337607397;-0.4275362739376953;0.6002042864691894;26.5592118;0.2;0.01;0.03;0.0001;0.01;0.3
0.5592376703025095;-0.43232937291669277;0.6001894076870958;26.6561065;0.2;0.01;0.03;0.0001;0.01;0.3
0.5617408653584073;-0.43645022086917595;0.6002639689240052;26.7563353;0.2;0.01;0.03;0.0001;0.01;0.3
0.5643761230488691;-0.44075017633987945;0.6000821654155132;26.8567516;0.2;0.01;0.03;0.0001;0.01;0.3
0.566593387713467;-0.4444085652881057;0.600039282819073;26.9562547;0.2;0.01;0.03;0.0001;0.01;0.3
0.5688422809260076;-0.4480716361857841;0.600191508909298;27.0574201;0.2;0.01;0.03;0.0001;0.01;0.3
0.5709689341881085;-0.4515698058258218;0.6000788805486076;27.1569608;0.2;0.01;0.03;0.0001;0.01;0.3
0.5727419531017199;-0.454495887463254;0.6002134934571252;27.2945637;0.2;0.01;0.03;0.0001;0.01;0.3
0.5746635865436074;-0.45766474220129627;0.6000010152366076;27.3572185;0.2;0.01;0.03;0.0001;0.01;0.3
0.5762377549219624;-0.46025768100165476;0.6001231719314288;27.4576617;0.2;0.01;0.03;0.0001;0.01;0.3
0.5778808831657019;-0.46292655567591295;0.6000159905217541;27.5610877;0.2;0.01;0.03;0.0001;0.01;0.3
0.5792747915929941;-0.46524260370975234;0.6000175494070153;27.6589019;0.2;0.01;0.03;0.0001;0.01;0.3
0.5806325516881552;-0.46751681801672046;0.6001711977082123;27.7594313;0.2;0.01;0.03;0.0001;0.01;0.3
0.5818530216048149;-0.4695417000517435;0.6000809878016624;27.8584494;0.2;0.01;0.03;0.0001;0.01;0.3
0.5831017118272919;-0.4716310472690709;0.5999939767452535;27.9600357;0.2;0.01;0.03;0.0001;0.01;0.3
0.5840926042040133;-0.47339309202177526;0.600089653829549;28.0604645;0.2;0.01;0.03;0.0001;0.01;0.3
0.5851796362564552;-0.4751903115074404;0.6000256268342055;28.1590647;0.2;0.01;0.03;0.0001;0.01;0.3
0.5860977627431865;-0.4767971029882289;0.5999539090636316;28.2592161;0.2;0.01;0.03;0.0001;0.01;0.3
0.5870387872662853;-0.4783428824741357;0.6000489237295991;28.3599762;0.2;0.01;0.03;0.0001;0.01;0.3
0.5878304067587059;-0.4796308991409669;0.6001235970283845;28.4612517;0.2;0.01;0.03;0.0001;0.01;0.3
0.5886219945251266;-0.48098075432774484;0.6001535011535662;28.5608086;0.2;0.01;0.03;0.0001;0.01;0.3
0.5893274947062074;-0.48219493045443695;0.600053848442541;28.6603726;0.2;0.01;0.03;0.0001;0.01;0.3
0.5900835747110436;-0.48340661124464557;0.5999941620230315;28.7613735;0.2;0.01;0.03;0.0001;0.01;0.3
0.5907505844447928;-0.48456370789254855;0.6000544290625625;28.8609408;0.2;0.01;0.03;0.0001;0.01;0.3
0.5913068885833611;-0.4855040478820654;0.6001280803838548;28.9615187;0.2;0.01;0.03;0.0001;0.01;0.3
0.5918814734812492;-0.4864624335403315;0.600122617884845;29.0616927;0.2;0.01;0.03;0.0001;0.01;0.3
0.5923754203860115;-0.4873005689477121;0.600092829849567;29.1611568;0.2;0.01;0.03;0.0001;0.01;0.3
0.5929117153891724;-0.48820143657316356;0.5999980492572691;29.2613637;0.2;0.01;0.03;0.0001;0.01;0.3
0.5933338923254292;-0.48895555927699347;0.5999623869325216;29.361664;0.2;0.01;0.03;0.0001;0.01;0.3
0.5938301915519437;-0.4897212395275287;0.5999108471422363;29.4619397;0.2;0.01;0.03;0.0001;0.01;0.3
0.5941874696545669;-0.49037802782657125;0.5999609347376782;29.5657186;0.2;0.01;0.03;0.0001;0.01;0.3
0.5946105056757265;-0.4909893720112646;0.5999947379612678;29.6668489;0.2;0.01;0.03;0.0001;0.01;0.3
0.5949142265002397;-0.4915051489452697;0.6000390350997221;29.764203;0.2;0.01;0.03;0.0001;0.01;0.3
0.5952251473821306;-0.4920790494390751;0.6000830617150213;29.863408;0.2;0.01;0.03;0.0001;0.01;0.3
0.5955095049243148;-0.492601875733179;0.5999876947455595;29.9629892;0.2;0.01;0.03;0.0001;0.01;0.3
0.5958135176045448;-0.49307065216107265;0.6000275633194933;30.0633187;0.2;0.01;0.03;0.0001;0.01;0.3
0.5960755313113018;-0.49347698794505507;0.6000397426120373;30.1631885;0.2;0.01;0.03;0.0001;0.01;0.3
0.5963541739065996;-0.4939089261156975;0.6000216762709636;30.2639979;0.2;0.01;0.03;0.0001;0.01;0.3
0.5965825008923203;-0.49431816084811575;0.5999717789770901;30.3641154;0.2;0.01;0.03;0.0001;0.01;0.3
0.5968300580364049;-0.49469888286444;0.5999997453158721;30.4637328;0.2;0.01;0.03;0.0001;0.01;0.3
0.5970407869877826;-0.49506708119678716;0.5999322411368853;30.56746;0.2;0.01;0.03;0.0001;0.01;0.3
0.5972443007815318;-0.49535040368487127;0.5999509150195356;30.6681455;0.2;0.01;0.03;0.0001;0.01;0.3
0.5974202385493271;-0.49569553156100365;0.5999377172976093;30.7661539;0.2;0.01;0.03;0.0001;0.01;0.3
0.5975882915455238;-0.49595744487787635;0.5999456830398653;30.8651393;0.2;0.01;0.03;0.0001;0.01;0.3
0.5977286556636205;-0.4962463403664561;0.600004473302081;30.9658506;0.2;0.01;0.03;0.0001;0.01;0.3
0.5978879930766168;-0.49647190282737247;0.5999887243061373;31.0660732;0.2;0.01;0.03;0.0001;0.01;0.3
0.5980170326224213;-0.4966766292342522;0.5999989448811064;31.1689687;0.2;0.01;0.03;0.0001;0.01;0.3
0.5981230357003102;-0.49691168910360756;0.5999903559473078;31.267509;0.2;0.01;0.03;0.0001;0.01;0.3
0.5982318695551192;-0.4971367243192806;0.6000155592745691;31.3746339;0.2;0.01;0.03;0.0001;0.01;0.3
0.5983446506274198;-0.497310093649527;0.6000504460296802;31.4675884;0.2;0.01;0.03;0.0001;0.01;0.3
0.5984586391686023;-0.4974856238093319;0.6000522683759979;31.5669807;0.2;0.01;0.03;0.0001;0.01;0.3
0.5985405664963006;-0.49767373305819645;0.60004165918607;31.6669314;0.2;0.01;0.03;0.0001;0.01;0.3
0.5986237266512693;-0.4978080144248376;0.600059549320877;31.7672423;0.2;0.01;0.03;0.0001;0.01;0.3
0.5987344418004582;-0.49795605113425917;0.6000023942182036;31.8692282;0.2;0.01;0.03;0.0001;0.01;0.3
0.5988249905329946;-0.4980687146683247;0.6000136015704698;32.0230137;0.2;0.01;0.03;0.0001;0.01;0.3
0.5988709916855968;-0.4982149072663122;0.6000437642188305;32.069728;0.2;0.01;0.03;0.0001;0.01;0.3
0.5989468510647025;-0.49836636991690564;0.5999878597893421;32.1676815;0.2;0.01;0.03;0.0001;0.01;0.3
0.5989959552769563;-0.49845160277003275;0.600080418300322;32.2684305;0.2;0.01;0.03;0.0001;0.01;0.3
0.5991110307961196;-0.49854422674307314;0.5999695760129545;32.368278;0.2;0.01;0.03;0.0001;0.01;0.3
0.5991664108773944;-0.4986520497325088;0.600039116235624;32.4682431;0.2;0.01;0.03;0.0001;0.01;0.3
0.5991915610311993;-0.49876143427855074;0.6000725654663269;32.5698307;0.2;0.01;0.03;0.0001;0.01;0.3
0.5992752781532028;-0.4988263913850918;0.6000105405383617;32.6687517;0.2;0.01;0.03;0.0001;0.01;0.3
0.5992978727583639;-0.4989170840633971;0.5999922361352211;32.7702738;0.2;0.01;0.03;0.0001;0.01;0.3
0.5993368356332047;-0.4989862337606652;0.6000198946429832;32.8693762;0.2;0.01;0.03;0.0001;0.01;0.3
0.5993992179786372;-0.4990473997697321;0.5999800681255049;32.9702662;0.2;0.01;0.03;0.0001;0.01;0.3
0.5994360456845096;-0.4991299408910839;0.5999292965975248;33.0705325;0.2;0.01;0.03;0.0001;0.01;0.3
0.5994472730501561;-0.49917489306312984;0.5999965479372638;33.1700842;0.2;0.01;0.03;0.0001;0.01;0.3
0.5994942704806803;-0.4992351233370624;0.6000111964895881;33.2704722;0.2;0.01;0.03;0.0001;0.01;0.3
0.5995395367386864;-0.4992950488343855;0.600021977780838;33.3712538;0.2;0.01;0.03;0.0001;0.01;0.3
0.5995798521919085;-0.49932481833740944;0.5999979427713616;33.4701309;0.2;0.01;0.03;0.0001;0.01;0.3
0.599600445473925;-0.499388044592374;0.5999453188684526;33.5710445;0.2;0.01;0.03;0.0001;0.01;0.3
0.5996264270034114;-0.49939168089019154;0.6000292423208733;33.6718799;0.2;0.01;0.03;0.0001;0.01;0.3
0.5996388969670428;-0.49944862129497236;0.6000053338791461;33.7721296;0.2;0.01;0.03;0.0001;0.01;0.3
0.5996649412470023;-0.4995013538426284;0.5999579607479024;33.8723599;0.2;0.01;0.03;0.0001;0.01;0.3
0.5997035377140805;-0.49955512980251476;0.5999705449700554;33.9718335;0.2;0.01;0.03;0.0001;0.01;0.3
0.5997083675565285;-0.49954348948581045;0.5999846742884656;34.0725793;0.2;0.01;0.03;0.0001;0.01;0.3
0.5997424831030874;-0.49957052242620237;0.5999660398308151;34.2012008;0.2;0.01;0.03;0.0001;0.01;0.3
0.5997502007707181;-0.49963633721596346;0.5999973413737761;34.323872;0.2;0.01;0.03;0.0001;0.01;0.3
0.5997489831808425;-0.49964934891395796;0.5999631843238464;34.4624402;0.2;0.01;0.03;0.0001;0.01;0.3
0.5997847902684771;-0.4996400240085374;0.6000053625894857;34.5327144;0.2;0.01;0.03;0.0001;0.01;0.3
0.5997867519170366;-0.4996697784311298;0.5999719351350755;34.5728269;0.2;0.01;0.03;0.0001;0.01;0.3
0.5998233829617949;-0.4996666659980308;0.6000217245071185;34.708249;0.2;0.01;0.03;0.0001;0.01;0.3
0.5998202864191431;-0.49972740245341074;0.5999680196531334;34.7748402;0.2;0.01;0.03;0.0001;0.01;0.3
0.5998097123851281;-0.49973185871700576;0.6000095187604928;34.8738029;0.2;0.01;0.03;0.0001;0.01;0.3
0.599835034806332;-0.49978097615269257;0.5999945200241504;34.9753091;0.2;0.01;0.03;0.0001;0.01;0.3
0.599870285599292;-0.4997708463720384;0.599995660613723;35.0750679;0.2;0.01;0.03;0.0001;0.01;0.3
0.5998681304967152;-0.4997792897626243;0.5999722331841498;35.1747734;0.2;0.01;0.03;0.0001;0.01;0.3
0.599881897886236;-0.49976998298737635;0.6000291021805597;35.2754483;0.2;0.01;0.03;0.0001;0.01;0.3
0.5998814911648025;-0.4998110566280014;0.5999761161205414;35.3793841;0.2;0.01;0.03;0.0001;0.01;0.3
0.5999046320587265;-0.4998026882925317;0.6000269556874319;35.475485;0.2;0.01;0.03;0.0001;0.01;0.3
0.5998997461894088;-0.4998094137034582;0.6000167114811266;35.5759512;0.2;0.01;0.03;0.0001;0.01;0.3
0.5998965859138287;-0.49985275518881667;0.599987777260701;35.6751242;0.2;0.01;0.03;0.0001;0.01;0.3
0.5999127724037948;-0.49986255145626435;0.5999854111818635;35.7768712;0.2;0.01;0.03;0.0001;0.01;0.3
0.5999198614559226;-0.4998936589559073;0.5999588726060608;35.8787128;0.2;0.01;0.03;0.0001;0.01;0.3
0.5999163250435583;-0.49985859800138993;0.5999985751229103;35.9818362;0.2;0.01;0.03;0.0001;0.01;0.3
0.5999280888572698;-0.499897574384496;0.5999727405511872;36.0775628;0.2;0.01;0.03;0.0001;0.01;0.3
0.5999433579690878;-0.49990297215824003;0.5999884708159242;36.1788487;0.2;0.01;0.03;0.0001;0.01;0.3
0.5999453592140576;-0.4999332015235622;0.5999981593580981;36.2768736;0.2;0.01;0.03;0.0001;0.01;0.3
0.5999362964543059;-0.49990110433960033;0.6000224034727635;36.391885;0.2;0.01;0.03;0.0001;0.01;0.3
0.5999764920769334;-0.49991366720635444;0.5999680502917343;36.4785336;0.2;0.01;0.03;0.0001;0.01;0.3
0.5999409001471245;-0.49995500121544545;0.6000028635639598;36.5775663;0.2;0.01;0.03;0.0001;0.01;0.3
0.5999575851022879;-0.49994600680141776;0.599942196710522;36.6777346;0.2;0.01;0.03;0.0001;0.01;0.3
0.5999460839398705;-0.4999343474502471;0.5999542499441564;36.7786306;0.2;0.01;0.03;0.0001;0.01;0.3
0.5999748679742979;-0.4999085800088919;0.5999916097127109;36.8790314;0.2;0.01;0.03;0.0001;0.01;0.3
0.5999521806625444;-0.4999712590776834;0.5999636682296143;36.9779183;0.2;0.01;0.03;0.0001;0.01;0.3
0.5999797005475627;-0.49993100239407406;0.6000188540528587;37.0830716;0.2;0.01;0.03;0.0001;0.01;0.3
0.5999526165018371;-0.49995707086489755;0.5999890147197117;37.1849505;0.2;0.01;0.03;0.0001;0.01;0.3
0.599981664536091;-0.49995403995966836;0.5999917605360409;37.2794985;0.2;0.01;0.03;0.0001;0.01;0.3
0.5999706763002982;-0.49993834264191467;0.5999967613805404;37.3825645;0.2;0.01;0.03;0.0001;0.01;0.3
0.5999587075382912;-0.4999720201313067;0.5999887834686795;37.482697;0.2;0.01;0.03;0.0001;0.01;0.3
0.5999741206572474;-0.4999659636750109;0.6000344263513746;37.6454897;0.2;0.01;0.03;0.0001;0.01;0.3
0.5999707513668395;-0.49999184061280133;0.5999476042361743;37.6806405;0.2;0.01;0.03;0.0001;0.01;0.3
0.5999824060564071;-0.49999156196067684;0.6000049016156292;37.7820829;0.2;0.01;0.03;0.0001;0.01;0.3
0.599989526896786;-0.4999496380955244;0.6000089782170207;37.8808191;0.2;0.01;0.03;0.0001;0.01;0.3
0.5999807828930022;-0.49997921936709666;0.600011369534909;37.9814238;0.2;0.01;0.03;0.0001;0.01;0.3
0.5999873036993858;-0.4999680612687792;0.6000582323615131;38.0829615;0.2;0.01;0.03;0.0001;0.01;0.3
0.5999979964658806;-0.49998329393128277;0.6000048931922484;38.1811668;0.2;0.01;0.03;0.0001;0.01;0.3
0.5999989183555838;-0.4999846620523854;0.6000436890032104;38.2837573;0.2;0.01;0.03;0.0001;0.01;0.3
0.5999963554013693;-0.49999269678748776;0.5999990777318317;38.3817197;0.2;0.01;0.03;0.0001;0.01;0.3
0.6000137033341625;-0.49995550242416203;0.6000178608656259;38.4825115;0.2;0.01;0.03;0.0001;0.01;0.3
0.5999894429782123;-0.49995931737580385;0.6000295470882985;38.583611;0.2;0.01;0.03;0.0001;0.01;0.3
0.6000046868664721;-0.49999677626817857;0.5999549395055046;38.6826334;0.2;0.01;0.03;0.0001;0.01;0.3
0.6000059100114459;-0.4999814068899663;0.5999791054412561;38.7831193;0.2;0.01;0.03;0.0001;0.01;0.3
0.6000043500688774;-0.4999669187334506;0.6000009184334187;38.88256;0.2;0.01;0.03;0.0001;0.01;0.3
0.6000047899372746;-0.5000189303056137;0.5999546787495397;38.9836995;0.2;0.01;0.03;0.0001;0.01;0.3
0.5999812168982557;-0.5000262646251133;0.5999993758175082;39.0867134;0.2;0.01;0.03;0.0001;0.01;0.3
0.6000052168967779;-0.49996597168370627;0.599967843138634;39.1895461;0.2;0.01;0.03;0.0001;0.01;0.3
0.599989809492427;-0.500013590913461;0.5999444193124559;39.2844506;0.2;0.01;0.03;0.0001;0.01;0.3
0.6000158799819592;-0.4999785257675746;0.5999888903535325;39.3831642;0.2;0.01;0.03;0.0001;0.01;0.3
0.6000103739580299;-0.5000112323078664;0.5999098905175315;39.4851198;0.2;0.01;0.03;0.0001;0.01;0.3
0.5999812326005719;-0.5000239626667625;0.5999593837823757;39.5849514;0.2;0.01;0.03;0.0001;0.01;0.3
0.60000749338371;-0.49997921343314244;0.5999482470990453;39.6840052;0.2;0.01;0.03;0.0001;0.01;0.3
0.6000203606757212;-0.49999805133245845;0.599977125297214;39.7858229;0.2;0.01;0.03;0.0001;0.01;0.3
0.599990371008984;-0.4999902037985939;0.5999977102209456;39.8866444;0.2;0.01;0.03;0.0001;0.01;0.3
0.6000124777327119;-0.5000097233464889;0.5999234959380193;39.9866767;0.2;0.01;0.03;0.0001;0.01;0.3
0.6000063422351504;-0.49999948527964627;0.599973694951925;40.0883288;0.2;0.01;0.03;0.0001;0.01;0.3
0.6000354144094173;-0.5000082089858872;0.5999372895757995;40.1867014;0.2;0.01;0.03;0.0001;0.01;0.3
0.6000030537768006;-0.5000037368743272;0.5999899163860549;40.2860007;0.2;0.01;0.03;0.0001;0.01;0.3
0.6000002602128969;-0.5000429656771962;0.5999462101328404;40.3895618;0.2;0.01;0.03;0.0001;0.01;0.3
0.600002937945827;-0.49999393837660644;0.5999380595744872;40.4864914;0.2;0.01;0.03;0.0001;0.01;0.3
0.6000164537240187;-0.5000039365362432;0.5999098905175315;40.5895869;0.2;0.01;0.03;0.0001;0.01;0.3
0.5999843136778853;-0.5000092569016289;0.5999585624783268;40.6861698;0.2;0.01;0.03;0.0001;0.01;0.3
0.6000163595357921;-0.49997934243862113;0.5999509438196589;40.7882846;0.2;0.01;0.03;0.0001;0.01;0.3
0.6000288904174554;-0.5000023694066665;0.5999656956930475;40.8998983;0.2;0.01;0.03;0.0001;0.01;0.3
0.6000229360566235;-0.5000070509799299;0.5999541982427139;40.9869989;0.2;0.01;0.03;0.0001;0.01;0.3
0.5999992771961787;-0.5000218640761587;0.599949528737605;41.0884508;0.2;0.01;0.03;0.0001;0.01;0.3
0.5999872254291648;-0.5000140673667726;0.5999497618164131;41.1870513;0.2;0.01;0.03;0.0001;0.01;0.3
0.6000117687069101;-0.5000010299454959;0.6000136236982556;41.2888638;0.2;0.01;0.03;0.0001;0.01;0.3
0.6000011465390188;-0.499993456256422;0.5999611436245531;41.3894505;0.2;0.01;0.03;0.0001;0.01;0.3
0.5999947583531374;-0.49999235941762027;0.6000168404911815;41.4879956;0.2;0.01;0.03;0.0001;0.01;0.3
0.5999831716876236;-0.500014785154258;0.5999630190736028;41.5887407;0.2;0.01;0.03;0.0001;0.01;0.3
0.5999932845852345;-0.49998044305463213;0.5999959854478323;41.6879263;0.2;0.01;0.03;0.0001;0.01;0.3
0.600000660053953;-0.49995836864504856;0.6000402708051191;41.7890869;0.2;0.01;0.03;0.0001;0.01;0.3
0.6000120568639284;-0.49997451124021935;0.5999753545637276;41.8924521;0.2;0.01;0.03;0.0001;0.01;0.3
0.6000169991404107;-0.500009619012926;0.5999819556808058;41.9928944;0.2;0.01;0.03;0.0001;0.01;0.3
0.599982165143792;-0.4999936197952095;0.5999648133794251;42.0898269;0.2;0.01;0.03;0.0001;0.01;0.3
0.6000123730105796;-0.49997498129485135;0.6000223560878376;42.1903392;0.2;0.01;0.03;0.0001;0.01;0.3
0.5999889705549134;-0.500004683161893;0.5999837946242991;42.290991;0.2;0.01;0.03;0.0001;0.01;0.3
0.5999961342153437;-0.49999447741048897;0.6000162411527852;42.3969449;0.2;0.01;0.03;0.0001;0.01;0.3
0.600015132442217;-0.49996757773717865;0.5999514335295736;42.4916212;0.2;0.01;0.03;0.0001;0.01;0.3
0.5999964612067004;-0.49995616795589054;0.5999919481930936;42.5909073;0.2;0.01;0.03;0.0001;0.01;0.3
0.6000044691626281;-0.49997393570372894;0.6000159119679143;42.6922734;0.2;0.01;0.03;0.0001;0.01;0.3
0.5999723555002048;-0.5000015245339829;0.6000028418114646;42.7910514;0.2;0.01;0.03;0.0001;0.01;0.3
0.5999990169460807;-0.4999871790288612;0.5999957610484441;42.8919737;0.2;0.01;0.03;0.0001;0.01;0.3
0.5999911785721707;-0.49996431121544327;0.6000326337582043;42.9929765;0.2;0.01;0.03;0.0001;0.01;0.3
0.5999879708706747;-0.5000054823054205;0.6000160086925721;43.0937026;0.2;0.01;0.03;0.0001;0.01;0.3
0.6000111463631904;-0.4999972952774593;0.6000107627448076;43.1926484;0.2;0.01;0.03;0.0001;0.01;0.3
0.5999963923049034;-0.4999754493247459;0.6000742829371314;43.2920957;0.2;0.01;0.03;0.0001;0.01;0.3
0.5999806281533241;-0.4999833795130557;0.6000204919335382;43.3938935;0.2;0.01;0.03;0.0001;0.01;0.3
0.6000022449986189;-0.500006848853668;0.6000345294519683;43.4931486;0.2;0.01;0.03;0.0001;0.01;0.3
0.5999882192367614;-0.4999644291500935;0.6000724344833448;43.5946938;0.2;0.01;0.03;0.0001;0.01;0.3
0.5999972052963148;-0.5000107392392824;0.6000452932789274;43.6979464;0.2;0.01;0.03;0.0001;0.01;0.3
0.5999866773779648;-0.500000791243627;0.6000354939909702;43.8002124;0.2;0.01;0.03;0.0001;0.01;0.3
0.5999813352518762;-0.5000262796517745;0.6000263328319023;43.8933225;0.2;0.01;0.03;0.0001;0.01;0.3
0.5999926378092426;-0.4999936388095444;0.6000354939909702;43.9931789;0.2;0.01;0.03;0.0001;0.01;0.3
0.5999788420597678;-0.5000047436790336;0.6000474605132721;44.0950712;0.2;0.01;0.03;0.0001;0.01;0.3
0.5999876129262671;-0.4999779188892597;0.6000812079802815;44.1949659;0.2;0.01;0.03;0.0001;0.01;0.3
0.5999728624907946;-0.5000096971527244;0.6000340873831909;44.2948707;0.2;0.01;0.03;0.0001;0.01;0.3
0.599985676322067;-0.4999990092536313;0.6000559007598324;44.3948317;0.2;0.01;0.03;0.0001;0.01;0.3
0.5999952730135024;-0.4999929521629363;0.6000378192462418;44.4941787;0.2;0.01;0.03;0.0001;0.01;0.3
0.6000010839897418;-0.4999707729702709;0.6000728962896807;44.5944863;0.2;0.01;0.03;0.0001;0.01;0.3
0.6000105614581169;-0.49999146433119385;0.6000274871827653;44.6969409;0.2;0.01;0.03;0.0001;0.01;0.3
0.5999971949141195;-0.4999961527532254;0.6000209304663883;44.7963617;0.2;0.01;0.03;0.0001;0.01;0.3
0.6000072121017747;-0.49998828471127754;0.6000284448171814;44.8961452;0.2;0.01;0.03;0.0001;0.01;0.3
0.6000014871786724;-0.4999763204673338;0.6000326728614587;44.9955555;0.2;0.01;0.03;0.0001;0.01;0.3
0.5999842728888499;-0.5000039947189379;0.6000485830207367;45.0961761;0.2;0.01;0.03;0.0001;0.01;0.3
0.5999912299597897;-0.4999791705634662;0.6000805277147059;45.1997758;0.2;0.01;0.03;0.0001;0.01;0.3
0.6000017658184341;-0.4999550561278029;0.6000219174824799;45.298125;0.2;0.01;0.03;0.0001;0.01;0.3
0.6000222092786933;-0.4999715447812159;0.6000371174373965;45.4026454;0.2;0.01;0.03;0.0001;0.01;0.3
0.5999868832752148;-0.49998408101285885;0.6000496962100407;45.4980084;0.2;0.01;0.03;0.0001;0.01;0.3
0.6000239973900094;-0.49997214528058886;0.6000155285953659;45.5964432;0.2;0.01;0.03;0.0001;0.01;0.3
0.5999831557188747;-0.4999805029032633;0.6000596510029927;45.7039774;0.2;0.01;0.03;0.0001;0.01;0.3
0.599994134211232;-0.4999618005255025;0.6000431539865951;45.7974422;0.2;0.01;0.03;0.0001;0.01;0.3
0.5999888856362132;-0.4999778359341171;0.6000322735761585;45.897123;0.2;0.01;0.03;0.0001;0.01;0.3
0.5999991647020162;-0.4999848125647916;0.6000650343707497;45.9982093;0.2;0.01;0.03;0.0001;0.01;0.3
0.5999894385892066;-0.5000079327879073;0.6000385153648057;46.0979726;0.2;0.01;0.03;0.0001;0.01;0.3
0.600013259406481;-0.49997629174489017;0.6000608146516994;46.1978918;0.2;0.01;0.03;0.0001;0.01;0.3
0.599995761007177;-0.4999794471152249;0.6000020891735944;46.2984969;0.2;0.01;0.03;0.0001;0.01;0.3
0.599983877383719;-0.499979140942453;0.6000603720608038;46.4045443;0.2;0.01;0.03;0.0001;0.01;0.3
0.5999974836916586;-0.4999919616556831;0.6000399787644599;46.5038421;0.2;0.01;0.03;0.0001;0.01;0.3
0.6000024274613844;-0.49998539346757875;0.6000544544500446;46.5983576;0.2;0.01;0.03;0.0001;0.01;0.3
0.5999917723071592;-0.49996534336325593;0.6000467003417742;46.7031069;0.2;0.01;0.03;0.0001;0.01;0.3
0.5999703383174825;-0.49997679038386605;0.599930715544579;46.800388;0.2;0.01;0.03;0.0001;0.01;0.3
0.5999609377951408;-0.4999783368162611;0.5998947429048461;46.8985707;0.2;0.01;0.03;0.0001;0.01;0.3
0.5999775329120681;-0.49997645325485957;0.5999073070255732;46.9991113;0.2;0.01;0.03;0.0001;0.01;0.3
0.5999745622657724;-0.5000057887812417;0.5998687976371764;47.0991667;0.2;0.01;0.03;0.0001;0.01;0.3
0.5999868677494148;-0.49996764853497105;0.5999007072770512;47.1999367;0.2;0.01;0.03;0.0001;0.01;0.3
0.5999950622626518;-0.49997609433446727;0.5999210749382493;47.3001834;0.2;0.01;0.03;0.0001;0.01;0.3
0.5999964018589136;-0.4999658540947365;0.599966697243351;47.3996784;0.2;0.01;0.03;0.0001;0.01;0.3
0.5999871010165894;-0.5000014658826836;0.600134509986944;47.5013149;0.2;0.01;0.03;0.0001;0.01;0.3
0.5999936346531481;-0.5000023846236152;0.6000842192491678;47.6005574;0.2;0.01;0.03;0.0001;0.01;0.3
0.5999864542668196;-0.50001499212121;0.6000605609731855;47.7010736;0.2;0.01;0.03;0.0001;0.01;0.3
0.6000085119957435;-0.5000028124449659;0.6000657199297242;47.8004082;0.2;0.01;0.03;0.0001;0.01;0.3
0.6000032007158882;-0.49998915240288444;0.6000762677549256;47.9017229;0.2;0.01;0.03;0.0001;0.01;0.3
0.5999863498368203;-0.5000173279835964;0.6000740091567071;48.0016474;0.2;0.01;0.03;0.0001;0.01;0.3
0.6000052958752783;-0.499997550882638;0.6000786235711271;48.1013521;0.2;0.01;0.03;0.0001;0.01;0.3
0.5999741944807498;-0.5000170109406363;0.6000814373949721;48.2025338;0.2;0.01;0.03;0.0001;0.01;0.3
0.6000070657466183;-0.4999713021583881;0.6000243633793008;48.3020085;0.2;0.01;0.03;0.0001;0.01;0.3
0.600005143053192;-0.4999826163056552;0.6000629059165454;48.4041399;0.2;0.01;0.03;0.0001;0.01;0.3
0.5999807992246868;-0.49998373845140787;0.6001265815539125;48.5021172;0.2;0.01;0.03;0.0001;0.01;0.3
0.5999904479720566;-0.49999257544534;0.6000645568425738;48.6028471;0.2;0.01;0.03;0.0001;0.01;0.3
0.6000001997671107;-0.49999199600934413;0.6000084675369957;48.7032997;0.2;0.01;0.03;0.0001;0.01;0.3
0.6000071822881383;-0.5000034271932262;0.5999936048188197;48.8033905;0.2;0.01;0.03;0.0001;0.01;0.3
0.6000093724234854;-0.4999945709625311;0.5999650502645637;48.9024746;0.2;0.01;0.03;0.0001;0.01;0.3
0.6000464505808103;-0.4999895937645214;0.6000037489530008;49.0031145;0.2;0.01;0.03;0.0001;0.01;0.3
0.6000317591654039;-0.4999972597000894;0.5999665939188005;49.1029366;0.2;0.01;0.03;0.0001;0.01;0.3
0.6000133931531514;-0.500006117883355;0.5999900631878984;49.2040278;0.2;0.01;0.03;0.0001;0.01;0.3
0.5999788774218455;-0.5000346160149022;0.599951276444992;49.3106581;0.2;0.01;0.03;0.0001;0.01;0.3
0.6000080117608907;-0.49999480597133716;0.6000060547866182;49.4071534;0.2;0.01;0.03;0.0001;0.01;0.3
0.6000078172541362;-0.5000358701026458;0.599955371250111;49.506281;0.2;0.01;0.03;0.0001;0.01;0.3
0.5999951447515857;-0.5000201498112067;0.5999246698269863;49.6043627;0.2;0.01;0.03;0.0001;0.01;0.3
0.5999554919454022;-0.49996995959282486;0.599707277327719;49.7054289;0.2;0.01;0.03;0.0001;0.01;0.3
0.5999672818596573;-0.4999672991971362;0.5997512270341271;49.8084683;0.2;0.01;0.03;0.0001;0.01;0.3
0.6000075991710014;-0.4999823854337505;0.5997876067542204;49.9063988;0.2;0.01;0.03;0.0001;0.01;0.3
0.600006941508611;-0.49996647356345164;0.5998633011479668;50.0048815;0.2;0.01;0.03;0.0001;0.01;0.3
0.6000224186524477;-0.5000065828132106;0.5998525114929221;50.1058349;0.2;0.01;0.03;0.0001;0.01;0.3
0.6000099295879443;-0.5000513452725507;0.600032530271352;50.2057109;0.2;0.01;0.03;0.0001;0.01;0.3
0.60000071793497;-0.5000458954632453;0.6001155755947314;50.3058302;0.2;0.01;0.03;0.0001;0.01;0.3
0.5999999067229311;-0.500039570726552;0.6001379819103176;50.4056131;0.2;0.01;0.03;0.0001;0.01;0.3
0.6000237719778901;-0.5000450729801869;0.6000686551777143;50.5057098;0.2;0.01;0.03;0.0001;0.01;0.3
0.6000307984617144;-0.5000395764266747;0.6000209783464597;50.6074778;0.2;0.01;0.03;0.0001;0.01;0.3
0.6000348435063497;-0.5000389950807119;0.6000615815778352;50.7069465;0.2;0.01;0.03;0.0001;0.01;0.3
0.600021442613257;-0.5000364419568261;0.59998740372927;50.8349442;0.2;0.01;0.03;0.0001;0.01;0.3
0.6000391803381899;-0.5000217919397338;0.600000225612968;50.9072661;0.2;0.01;0.03;0.0001;0.01;0.3
0.6000269013624627;-0.49999412010227373;0.6000125695484122;51.0071753;0.2;0.01;0.03;0.0001;0.01;0.3
0.6000195096295837;-0.49999397145270724;0.6000208817522557;51.1247023;0.2;0.01;0.03;0.0001;0.01;0.3
0.6000161755555155;-0.5000422851701811;0.5999880971045026;51.2147607;0.2;0.01;0.03;0.0001;0.01;0.3
0.6000099175449382;-0.5000369353527034;0.5999808589536945;51.3118635;0.2;0.01;0.03;0.0001;0.01;0.3
0.6000204312677117;-0.5000153924378717;0.5999906947052539;51.4074677;0.2;0.01;0.03;0.0001;0.01;0.3
0.6000065817483271;-0.5000048653601146;0.5999910360383613;51.5121557;0.2;0.01;0.03;0.0001;0.01;0.3
0.6000173569814006;-0.5000052739945888;0.599999452937902;51.6080915;0.2;0.01;0.03;0.0001;0.01;0.3
0.5999895003080111;-0.5000176965895741;0.6000114156412728;51.7083379;0.2;0.01;0.03;0.0001;0.01;0.3
0.5999994265497609;-0.5000221366547355;0.6000018794167914;51.8090869;0.2;0.01;0.03;0.0001;0.01;0.3
0.6000258589159879;-0.49999994148441124;0.5999867311433045;51.9143694;0.2;0.01;0.03;0.0001;0.01;0.3
0.6000150572548094;-0.5000189701626142;0.599971858022963;52.0092432;0.2;0.01;0.03;0.0001;0.01;0.3
0.600003639795542;-0.5000095120874289;0.6000019214968431;52.1090586;0.2;0.01;0.03;0.0001;0.01;0.3
0.6000011713980207;-0.5000370039032239;0.599977735492575;52.2089634;0.2;0.01;0.03;0.0001;0.01;0.3
0.5999912471280158;-0.5000379495031422;0.5999762354858346;52.3095237;0.2;0.01;0.03;0.0001;0.01;0.3
0.6000197827994633;-0.49999946343901963;0.6000098307066131;52.4103621;0.2;0.01;0.03;0.0001;0.01;0.3
0.6000202800190025;-0.5000149685462271;0.6000137501289237;52.5525573;0.2;0.01;0.03;0.0001;0.01;0.3
0.5999870407328434;-0.500035886369268;0.5999817741916562;52.610142;0.2;0.01;0.03;0.0001;0.01;0.3
0.6000057646369115;-0.5000155038691629;0.5999943027056983;52.7122525;0.2;0.01;0.03;0.0001;0.01;0.3
0.5999999741441078;-0.5000374317550095;0.6000134657517494;52.8111299;0.2;0.01;0.03;0.0001;0.01;0.3
0.6000161731196559;-0.5000035768138765;0.5999678819206379;52.9106946;0.2;0.01;0.03;0.0001;0.01;0.3
0.6000277528366078;-0.49999317546229666;0.5999807547125434;53.0400826;0.2;0.01;0.03;0.0001;0.01;0.3
0.5999904482506944;-0.5000073039447177;0.5999778065246508;53.1151469;0.2;0.01;0.03;0.0001;0.01;0.3
0.6000096558084193;-0.4999926302704484;0.6000017122792299;53.2164793;0.2;0.01;0.03;0.0001;0.01;0.3
0.6000191111134733;-0.5000082752721955;0.5999879132546909;53.3113025;0.2;0.01;0.03;0.0001;0.01;0.3
0.6000205105386284;-0.5000279008797285;0.5999890666755593;53.4145708;0.2;0.01;0.03;0.0001;0.01;0.3
0.6000192425062201;-0.49998864438121104;0.6000035130465426;53.5140553;0.2;0.01;0.03;0.0001;0.01;0.3
0.6000050261142231;-0.5000218330862991;0.5999355570483141;53.6122336;0.2;0.01;0.03;0.0001;0.01;0.3
0.6000005889943141;-0.4999446635197928;0.5996560278412366;53.7122031;0.2;0.01;0.03;0.0001;0.01;0.3
0.5999652737885154;-0.49996651474057746;0.5996953726330732;53.8137047;0.2;0.01;0.03;0.0001;0.01;0.3
0.5999793910013517;-0.49999915846155335;0.5998028441255095;53.912401;0.2;0.01;0.03;0.0001;0.01;0.3
0.5999957139062408;-0.49996983104478987;0.5998929536861347;54.0145099;0.2;0.01;0.03;0.0001;0.01;0.3
0.6000070235342299;-0.49997148966603794;0.599913223774191;54.1141061;0.2;0.01;0.03;0.0001;0.01;0.3
0.5999941786342385;-0.5000226099792421;0.600117616323815;54.2133234;0.2;0.01;0.03;0.0001;0.01;0.3
0.6000291271344864;-0.5000024253540313;0.6000719010534641;54.3135064;0.2;0.01;0.03;0.0001;0.01;0.3
0.6000009908447086;-0.499995294342972;0.6001148431193353;54.4133823;0.2;0.01;0.03;0.0001;0.01;0.3
0.6000236474562034;-0.49998112085488733;0.6001039976643231;54.515062;0.2;0.01;0.03;0.0001;0.01;0.3
0.6000053234314158;-0.49998516402855353;0.6000979623886505;54.6147794;0.2;0.01;0.03;0.0001;0.01;0.3
0.59999174002279;-0.5000065709605711;0.6000783885005494;54.7142952;0.2;0.01;0.03;0.0001;0.01;0.3
0.5999897054958673;-0.500005639197767;0.6001059415605713;54.8150052;0.2;0.01;0.03;0.0001;0.01;0.3
0.6000043476868433;-0.5000008662063103;0.600067832159414;54.9147176;0.2;0.01;0.03;0.0001;0.01;0.3
0.6000028611063934;-0.49994229819275543;0.6000575805713899;55.0152482;0.2;0.01;0.03;0.0001;0.01;0.3
0.5999881635774031;-0.4999862731382248;0.6000759538131402;55.115316;0.2;0.01;0.03;0.0001;0.01;0.3
0.5999872260179417;-0.499967648929802;0.6001173602649253;55.2149019;0.2;0.01;0.03;0.0001;0.01;0.3
0.6000076606007043;-0.49997215564891667;0.6000657389900572;55.315968;0.2;0.01;0.03;0.0001;0.01;0.3
0.6000102352002862;-0.4999764350383998;0.6000084130173411;55.4897759;0.2;0.01;0.03;0.0001;0.01;0.3
0.600006390992697;-0.4999480254570379;0.6000916792480051;55.515942;0.2;0.01;0.03;0.0001;0.01;0.3
0.6000086758021573;-0.499954327841812;0.6000802824210927;55.616661;0.2;0.01;0.03;0.0001;0.01;0.3
0.5999967665123456;-0.4999662258159641;0.6000399798819283;55.716056;0.2;0.01;0.03;0.0001;0.01;0.3
0.5999907842959514;-0.4999905257378722;0.6001012746974568;55.8234809;0.2;0.01;0.03;0.0001;0.01;0.3
0.5999885438049968;-0.4999724055621879;0.6000993985721171;55.9164425;0.2;0.01;0.03;0.0001;0.01;0.3
0.5999945568861149;-0.49991875836511684;0.6000558075034491;56.0163834;0.2;0.01;0.03;0.0001;0.01;0.3
0.5999951915167017;-0.4999783259715841;0.6000691454681967;56.1184286;0.2;0.01;0.03;0.0001;0.01;0.3
0.5999841558162773;-0.4999429638839417;0.6000571184055913;56.2217673;0.2;0.01;0.03;0.0001;0.01;0.3
0.5999734715042309;-0.49998413961110283;0.6000408011317802;56.3182212;0.2;0.01;0.03;0.0001;0.01;0.3
0.5999792216005356;-0.49994300177503237;0.5997256229716735;56.4178434;0.2;0.01;0.03;0.0001;0.01;0.3
0.5999486635385679;-0.49993638710988675;0.5997720830957287;56.5183152;0.2;0.01;0.03;0.0001;0.01;0.3
0.5999778423253385;-0.49993067151190995;0.5998481106189567;56.6179725;0.2;0.01;0.03;0.0001;0.01;0.3
0.5999540714906306;-0.49998167406878696;0.599957477031913;56.7206555;0.2;0.01;0.03;0.0001;0.01;0.3
0.5999957978510445;-0.49994532694150307;0.5999587485188688;56.8362339;0.2;0.01;0.03;0.0001;0.01;0.3
0.5999755026327361;-0.49997065116881456;0.5999603914078098;56.9215984;0.2;0.01;0.03;0.0001;0.01;0.3
0.600009549787808;-0.4999577051174693;0.6001386238613782;57.0273781;0.2;0.01;0.03;0.0001;0.01;0.3
0.5999890698574157;-0.5000095993392336;0.6001148431193353;57.1203342;0.2;0.01;0.03;0.0001;0.01;0.3
0.5999882038457728;-0.5000057125501556;0.6000949047973592;57.2186522;0.2;0.01;0.03;0.0001;0.01;0.3
0.5999958459803222;-0.49998418559000224;0.6001616332912;57.3191269;0.2;0.01;0.03;0.0001;0.01;0.3
0.6000023298600893;-0.5000120497107328;0.6001082506053258;57.4219178;0.2;0.01;0.03;0.0001;0.01;0.3
0.6000156350339283;-0.4999802150957832;0.6000920993428243;57.5239262;0.2;0.01;0.03;0.0001;0.01;0.3
0.6000058238790289;-0.49998857408201536;0.6000485746018543;57.6224384;0.2;0.01;0.03;0.0001;0.01;0.3
0.60000972936125;-0.4999731427315552;0.6000385237834034;57.723166;0.2;0.01;0.03;0.0001;0.01;0.3
0.6000026492403385;-0.4999933845855196;0.59997218022252;57.8205154;0.2;0.01;0.03;0.0001;0.01;0.3
0.5999977557147963;-0.5000190932746962;0.6000400386663823;57.9224791;0.2;0.01;0.03;0.0001;0.01;0.3
0.60001228539822;-0.5000091226075357;0.5999830501075764;58.0205789;0.2;0.01;0.03;0.0001;0.01;0.3
0.600024862218369;-0.499983649749628;0.5999854096869226;58.125581;0.2;0.01;0.03;0.0001;0.01;0.3
0.6000151874736465;-0.500004023070733;0.5999759431841404;58.2225114;0.2;0.01;0.03;0.0001;0.01;0.3
0.6000001668705621;-0.5000134190011962;0.6000154519963089;58.3208231;0.2;0.01;0.03;0.0001;0.01;0.3
0.6000066751157074;-0.5000049939404584;0.59998916058977;58.4212188;0.2;0.01;0.03;0.0001;0.01;0.3
0.6000195426822622;-0.4999843697737507;0.5999650111887413;58.5220934;0.2;0.01;0.03;0.0001;0.01;0.3
0.5999929713712437;-0.49997982312824757;0.6000285829331992;58.6225795;0.2;0.01;0.03;0.0001;0.01;0.3
0.5999982691520459;-0.5000079784611283;0.5999885841258691;58.72595;0.2;0.01;0.03;0.0001;0.01;0.3
0.6000124251807655;-0.49998010301316265;0.6000434483669366;58.8234362;0.2;0.01;0.03;0.0001;0.01;0.3
0.5999947103137422;-0.5000362015227318;0.5999696833385235;58.9223968;0.2;0.01;0.03;0.0001;0.01;0.3
0.6000121637442675;-0.4999890500067029;0.600025150773771;59.0223346;0.2;0.01;0.03;0.0001;0.01;0.3
0.6000019817530609;-0.5000041631888705;0.6000001631622752;59.1250086;0.2;0.01;0.03;0.0001;0.01;0.3
0.600019613794902;-0.5000163171191042;0.5999664829791579;59.2258529;0.2;0.01;0.03;0.0001;0.01;0.3
0.60000167208924;-0.500018490743532;0.5999649342769802;59.3236808;0.2;0.01;0.03;0.0001;0.01;0.3
0.6000081875033899;-0.49999017902395426;0.5999792057729191;59.4235869;0.2;0.01;0.03;0.0001;0.01;0.3
0.6000082626121693;-0.4999951866751843;0.6000083582060008;59.5248622;0.2;0.01;0.03;0.0001;0.01;0.3
0.6000230045920011;-0.4999707114596491;0.5999801316304457;59.6245411;0.2;0.01;0.03;0.0001;0.01;0.3
0.6000093528837428;-0.49999448086435744;0.6000553635787101;59.7257164;0.2;0.01;0.03;0.0001;0.01;0.3
0.6000056287416864;-0.5000273426936052;0.599954891670989;59.8250152;0.2;0.01;0.03;0.0001;0.01;0.3
0.6000157143976413;-0.5000198750955722;0.5999586548380532;59.9276711;0.2;0.01;0.03;0.0001;0.01;0.3
0.6000434266471101;-0.500009278595259;0.5999718756683631;60.0247445;0.2;0.01;0.03;0.0001;0.01;0.3
0.6000110372727028;-0.49998969713863484;0.599977807679898;60.1256261;0.2;0.01;0.03;0.0001;0.01;0.3
0.5999897513902079;-0.5000059731737817;0.5999941101406668;60.2259163;0.2;0.01;0.03;0.0001;0.01;0.3
0.6000268353080046;-0.5000157675798009;0.5999922917330759;60.3270158;0.2;0.01;0.03;0.0001;0.01;0.3
0.6000234314528738;-0.49998342565161175;0.6000381226692213;60.4257308;0.2;0.01;0.03;0.0001;0.01;0.3
0.6000062989148136;-0.5000163873877858;0.5999542178317548;60.5266894;0.2;0.01;0.03;0.0001;0.01;0.3
0.6000221515430936;-0.5000080559923428;0.5999826892272593;60.6291099;0.2;0.01;0.03;0.0001;0.01;0.3
0.6000110346677422;-0.5000045493481904;0.5999991090466484;60.7273743;0.2;0.01;0.03;0.0001;0.01;0.3
0.6000153003240698;-0.5000360873704628;0.5999739880622507;60.8418496;0.2;0.01;0.03;0.0001;0.01;0.3
0.6000138285608935;-0.49999192837265294;0.6000154115555237;60.9261066;0.2;0.01;0.03;0.0001;0.01;0.3
0.6000243137010406;-0.5000091976433946;0.6000058890693261;61.0268826;0.2;0.01;0.03;0.0001;0.01;0.3
0.6000219273043934;-0.5000077120844078;0.5999338121603766;61.1287978;0.2;0.01;0.03;0.0001;0.01;0.3
0.6000189644659805;-0.4999735653467734;0.6000147949244293;61.2287787;0.2;0.01;0.03;0.0001;0.01;0.3
0.6000213133149856;-0.5000192025993871;0.5999530072326826;61.3322965;0.2;0.01;0.03;0.0001;0.01;0.3
0.6000044974191655;-0.49999387926134325;0.5999756873613812;61.4278757;0.2;0.01;0.03;0.0001;0.01;0.3
0.6000016762320323;-0.5000500359823175;0.5999744254705114;61.5481273;0.2;0.01;0.03;0.0001;0.01;0.3
0.5999995767217411;-0.49999778555611896;0.6000134081090653;61.6278106;0.2;0.01;0.03;0.0001;0.01;0.3
0.6000227881117493;-0.49999218571772336;0.6000162329212518;61.7305898;0.2;0.01;0.03;0.0001;0.01;0.3
0.6000207415380349;-0.5000231687285018;0.5999622734059507;61.8299618;0.2;0.01;0.03;0.0001;0.01;0.3
0.5999969632596803;-0.5000129756359334;0.5999778955043396;61.9308034;0.2;0.01;0.03;0.0001;0.01;0.3
0.6000038035038503;-0.49999518878648314;0.599974993944106;62.0288796;0.2;0.01;0.03;0.0001;0.01;0.3
0.5999986239683565;-0.5000036314615031;0.5999853094424972;62.1316084;0.2;0.01;0.03;0.0001;0.01;0.3
0.6000343439969996;-0.5000113001222083;0.5999829043238027;62.2300544;0.2;0.01;0.03;0.0001;0.01;0.3
0.6000042675769882;-0.5000105244186257;0.5999599612525568;62.333416;0.2;0.01;0.03;0.0001;0.01;0.3
0.6000369794093422;-0.5000106137630072;0.5999852294531677;62.4339307;0.2;0.01;0.03;0.0001;0.01;0.3
0.6000109530595704;-0.4999897375050503;0.5999511886204305;62.5380957;0.2;0.01;0.03;0.0001;0.01;0.3
0.6000055772092059;-0.5000177492816437;0.5999534966882883;62.6312765;0.2;0.01;0.03;0.0001;0.01;0.3
0.6000181686623874;-0.5000013997616768;0.6000152959130173;62.730683;0.2;0.01;0.03;0.0001;0.01;0.3
0.6000057838982812;-0.4999810447420001;0.6000079520486645;62.8309644;0.2;0.01;0.03;0.0001;0.01;0.3
0.6000268357056104;-0.4999964425896329;0.5999699158130941;62.9311922;0.2;0.01;0.03;0.0001;0.01;0.3
0.5999957411211134;-0.5000109300138846;0.6000057894102735;63.0339751;0.2;0.01;0.03;0.0001;0.01;0.3
0.600007379741527;-0.5000300036946738;0.5999990807828326;63.1312432;0.2;0.01;0.03;0.0001;0.01;0.3
0.5999916204785263;-0.5000384636879023;0.5999687338102166;63.2313361;0.2;0.01;0.03;0.0001;0.01;0.3
0.6000148216285192;-0.5000203604831598;0.5999985922309109;63.3332886;0.2;0.01;0.03;0.0001;0.01;0.3
0.5999933347923608;-0.5000338776431424;0.5999453014405265;63.4318008;0.2;0.01;0.03;0.0001;0.01;0.3
0.5999989028986;-0.4999944352236873;0.5999798389942561;63.5318509;0.2;0.01;0.03;0.0001;0.01;0.3
0.6000322115095107;-0.5000173324391428;0.5999495742569247;63.6335124;0.2;0.01;0.03;0.0001;0.01;0.3
0.6000165373271273;-0.5000062528226874;0.5999465112289191;63.7329114;0.2;0.01;0.03;0.0001;0.01;0.3
0.6000073868179684;-0.4999812101873351;0.6000174231780017;63.8334134;0.2;0.01;0.03;0.0001;0.01;0.3
0.600016121159587;-0.4999958190138124;0.5999637121158868;63.9385054;0.2;0.01;0.03;0.0001;0.01;0.3
0.60002804272225;-0.5000104204241642;0.5999859318847612;64.0326869;0.2;0.01;0.03;0.0001;0.01;0.3
0.6000309745144162;-0.4999982644088718;0.599995084946234;64.1328392;0.2;0.01;0.03;0.0001;0.01;0.3
0.5999922529210192;-0.5000247010024728;0.5999618366851655;64.2347026;0.2;0.01;0.03;0.0001;0.01;0.3
0.5999893786079152;-0.5000150405711947;0.6000014559384124;64.333423;0.2;0.01;0.03;0.0001;0.01;0.3
0.5999860304462018;-0.5000244188601825;0.5999849085721622;64.4336998;0.2;0.01;0.03;0.0001;0.01;0.3
0.6000117034327085;-0.49998593643032846;0.6000230302480345;64.5359492;0.2;0.01;0.03;0.0001;0.01;0.3
0.6000129909316418;-0.499985658881225;0.6000377899395671;64.6341821;0.2;0.01;0.03;0.0001;0.01;0.3
0.599995600752036;-0.5000154817204232;0.6000053410409734;64.7341932;0.2;0.01;0.03;0.0001;0.01;0.3
0.6000207880885935;-0.5000009956537883;0.5999602938091632;64.834585;0.2;0.01;0.03;0.0001;0.01;0.3
0.6000202068682553;-0.5000047923002134;0.5999980548540521;64.9373766;0.2;0.01;0.03;0.0001;0.01;0.3
0.6000107479877116;-0.500006634287397;0.6000162329212518;65.0350529;0.2;0.01;0.03;0.0001;0.01;0.3
0.6000193751715097;-0.49998647098553844;0.6000090919107943;65.1352686;0.2;0.01;0.03;0.0001;0.01;0.3
0.6000119264203571;-0.5000160008680421;0.599969017704396;65.2354449;0.2;0.01;0.03;0.0001;0.01;0.3
0.6000091093288212;-0.5000234808528805;0.599987594428956;65.336045;0.2;0.01;0.03;0.0001;0.01;0.3
0.600002453069183;-0.4999929580117525;0.6000044256712322;65.4361281;0.2;0.01;0.03;0.0001;0.01;0.3
0.6000137350419306;-0.5000336819372815;0.5999260481616098;65.5447352;0.2;0.01;0.03;0.0001;0.01;0.3
0.6000279845931453;-0.5000032979360542;0.5999960345138334;65.6377759;0.2;0.01;0.03;0.0001;0.01;0.3
0.600018721537158;-0.49998807444600746;0.5999776629905055;65.7370414;0.2;0.01;0.03;0.0001;0.01;0.3
0.5999897737921288;-0.5000205530980151;0.6000172869729513;65.8372746;0.2;0.01;0.03;0.0001;0.01;0.3
0.6000020617554837;-0.5000117365819448;0.5999767258113762;65.9403416;0.2;0.01;0.03;0.0001;0.01;0.3
0.6000195497840416;-0.5000012511655353;0.6000281802884276;66.0375742;0.2;0.01;0.03;0.0001;0.01;0.3
0.6000048643873191;-0.49997944788394816;0.600031743132474;66.1397404;0.2;0.01;0.03;0.0001;0.01;0.3
0.5999917770736957;-0.49998730516691015;0.6000563488779879;66.2387826;0.2;0.01;0.03;0.0001;0.01;0.3
0.599990133262513;-0.49999210770785074;0.6000175549475679;66.3400831;0.2;0.01;0.03;0.0001;0.01;0.3
0.6000183290741812;-0.49999218825296676;0.599982868598735;66.4396666;0.2;0.01;0.03;0.0001;0.01;0.3
0.599975412904639;-0.49998476265086933;0.6000424329097921;66.5390154;0.2;0.01;0.03;0.0001;0.01;0.3
0.6000126640640284;-0.4999899535115956;0.6000410926131735;66.6382843;0.2;0.01;0.03;0.0001;0.01;0.3
0.5999928356454297;-0.4999965976970216;0.6000109818188019;66.738468;0.2;0.01;0.03;0.0001;0.01;0.3
0.6000158633651489;-0.4999926800164884;0.6000151679760191;66.8399206;0.2;0.01;0.03;0.0001;0.01;0.3
0.599970357129282;-0.5000056606425818;0.6000607052145148;66.9841629;0.2;0.01;0.03;0.0001;0.01;0.3
0.6000064036244688;-0.49995070366485006;0.6000186275942543;67.0511693;0.2;0.01;0.03;0.0001;0.01;0.3
0.5999726617583642;-0.5000046147981964;0.5999817420731292;67.1416361;0.2;0.01;0.03;0.0001;0.01;0.3
0.6000019868794323;-0.4999651288305559;0.5999910400976033;67.2415734;0.2;0.01;0.03;0.0001;0.01;0.3
0.5999970019731697;-0.4999838504257574;0.6000145251775496;67.4781055;0.2;0.01;0.03;0.0001;0.01;0.3
0.5999804832734135;-0.4999958002504667;0.5999990429867111;67.5735234;0.2;0.01;0.03;0.0001;0.01;0.3
0.599984837156803;-0.4999785023032825;0.5999981123087205;67.6403996;0.2;0.01;0.03;0.0001;0.01;0.3
0.5999757388728458;-0.4999708866903656;0.6000392857858354;67.7415245;0.2;0.01;0.03;0.0001;0.01;0.3
0.6000114176233983;-0.4999539761419374;0.5999711426556424;67.8409664;0.2;0.01;0.03;0.0001;0.01;0.3
0.5999961747768862;-0.4999777517960109;0.6000084088163824;67.9418262;0.2;0.01;0.03;0.0001;0.01;0.3
0.6000066462133397;-0.49996319480545226;0.5999992753574379;68.0444526;0.2;0.01;0.03;0.0001;0.01;0.3
0.5999589609627302;-0.4999771147827509;0.600063450982151;68.1701104;0.2;0.01;0.03;0.0001;0.01;0.3
0.5999940180302253;-0.499956747419022;0.6000780606801182;68.2416808;0.2;0.01;0.03;0.0001;0.01;0.3
0.5999706072477746;-0.49997186453433656;0.6000151360624183;68.3428962;0.2;0.01;0.03;0.0001;0.01;0.3
0.5999776683364976;-0.499964177936799;0.6000336466803682;68.4809365;0.2;0.01;0.03;0.0001;0.01;0.3
0.5999978459324719;-0.4999389980263474;0.6000527753634968;68.5489105;0.2;0.01;0.03;0.0001;0.01;0.3
0.5999922250655058;-0.4999760104325057;0.6000067974105922;68.7107671;0.2;0.01;0.03;0.0001;0.01;0.3
0.6000020690152139;-0.4999700212098712;0.6000394684953575;68.792969;0.2;0.01;0.03;0.0001;0.01;0.3
0.5999580007985266;-0.4999730980588476;0.6000453883695096;68.8501008;0.2;0.01;0.03;0.0001;0.01;0.3
0.5999789901951238;-0.49995688059771903;0.6000043430338675;68.9441847;0.2;0.01;0.03;0.0001;0.01;0.3
0.5999714642473469;-0.4999418171401776;0.60007590057386;69.0439157;0.2;0.01;0.03;0.0001;0.01;0.3
0.5999801982304463;-0.4999783560032974;0.5999688087780947;69.1444772;0.2;0.01;0.03;0.0001;0.01;0.3
0.5999804449073546;-0.49998576351314683;0.600007245778834;69.2667544;0.2;0.01;0.03;0.0001;0.01;0.3
0.599977306655174;-0.49997099510674575;0.6000484193062958;69.3457186;0.2;0.01;0.03;0.0001;0.01;0.3
0.5999821471748551;-0.4999595161238417;0.6000341354061074;69.4443703;0.2;0.01;0.03;0.0001;0.01;0.3
0.5999683496553351;-0.49998528756709476;0.5999881570817597;69.5446443;0.2;0.01;0.03;0.0001;0.01;0.3
0.5999600670720034;-0.499996435114084;0.5999879246367128;69.6463256;0.2;0.01;0.03;0.0001;0.01;0.3
0.5999907123884047;-0.49995389820061265;0.5999671885326413;69.7457877;0.2;0.01;0.03;0.0001;0.01;0.3
0.5999878796858643;-0.49997859126351896;0.6000182546624557;69.8455337;0.2;0.01;0.03;0.0001;0.01;0.3
0.5999981218955686;-0.49999314500743536;0.5999695234345143;69.9460312;0.2;0.01;0.03;0.0001;0.01;0.3
0.600010303221482;-0.4999837268532049;0.5999698161896766;70.0458313;0.2;0.01;0.03;0.0001;0.01;0.3
0.6000140799301288;-0.4999634604634104;0.599987536938465;70.1468816;0.2;0.01;0.03;0.0001;0.01;0.3
0.600014594085579;-0.5000300644387402;0.599966024279538;70.246333;0.2;0.01;0.03;0.0001;0.01;0.3
0.6000269668940893;-0.4999943316941933;0.599929571860351;70.3471414;0.2;0.01;0.03;0.0001;0.01;0.3
0.6000270751300517;-0.5000088733182276;0.599979367263791;70.447988;0.2;0.01;0.03;0.0001;0.01;0.3
0.600015661009519;-0.5000147511737183;0.5999375630644569;70.5472676;0.2;0.01;0.03;0.0001;0.01;0.3
0.5999817414286529;-0.5000345249676444;0.5999403075758853;70.6469492;0.2;0.01;0.03;0.0001;0.01;0.3
0.6000165852861635;-0.5000113141644495;0.5999756360107256;70.7476298;0.2;0.01;0.03;0.0001;0.01;0.3
0.6000017823683913;-0.5000184290066269;0.6000267530941763;70.8483277;0.2;0.01;0.03;0.0001;0.01;0.3
0.6000088904408984;-0.5000326028673244;0.5999370655523477;70.949131;0.2;0.01;0.03;0.0001;0.01;0.3
0.6000147466989135;-0.5000183277750702;0.5999520902833771;71.0480419;0.2;0.01;0.03;0.0001;0.01;0.3
0.6000251109818641;-0.5000032508674996;0.5999544031523993;71.1503769;0.2;0.01;0.03;0.0001;0.01;0.3
0.6000237176139481;-0.5000180823849044;0.59999131455611;71.2492423;0.2;0.01;0.03;0.0001;0.01;0.3
0.6000100177083441;-0.5000223760266729;0.5999845646649986;71.3492898;0.2;0.01;0.03;0.0001;0.01;0.3
0.6000173184888954;-0.5000075432695555;0.5999568267271715;71.4485423;0.2;0.01;0.03;0.0001;0.01;0.3
0.6000159009803839;-0.5000201320064432;0.5999549039161867;71.5487236;0.2;0.01;0.03;0.0001;0.01;0.3
0.6000205951999926;-0.5000032098020166;0.5999755420939267;71.6495457;0.2;0.01;0.03;0.0001;0.01;0.3
0.6000197231466693;-0.4999870980026019;0.599972757795993;71.7524454;0.2;0.01;0.03;0.0001;0.01;0.3
0.6000137463948376;-0.5000235983507563;0.5999646075536486;71.8496067;0.2;0.01;0.03;0.0001;0.01;0.3
0.6000145255005648;-0.5000323256761561;0.5999521750081802;71.9494626;0.2;0.01;0.03;0.0001;0.01;0.3
0.6000286803922843;-0.4999872947994898;0.6000023837630107;72.0498582;0.2;0.01;0.03;0.0001;0.01;0.3
0.6000074973169229;-0.5000108713440479;0.5999763527273875;72.150528;0.2;0.01;0.03;0.0001;0.01;0.3
0.6000327735270827;-0.5000181327469274;0.5999906121060231;72.250596;0.2;0.01;0.03;0.0001;0.01;0.3
0.6000046720280937;-0.5000016582948893;0.60000673910357;72.3508009;0.2;0.01;0.03;0.0001;0.01;0.3
0.600009622077163;-0.5000168629422663;0.5999687338102166;72.4508633;0.2;0.01;0.03;0.0001;0.01;0.3
0.6000089315308527;-0.5000060593027206;0.5999855035110142;72.5511974;0.2;0.01;0.03;0.0001;0.01;0.3
0.600007772141113;-0.49997698748972735;0.6000119076557401;72.6516187;0.2;0.01;0.03;0.0001;0.01;0.3
0.5999897449083731;-0.5000277653769988;0.6000322531102626;72.7542456;0.2;0.01;0.03;0.0001;0.01;0.3
0.5999982107319914;-0.5000149082649084;0.599978833854395;72.8518127;0.2;0.01;0.03;0.0001;0.01;0.3
0.600016095500027;-0.5000249976604824;0.5999840564738985;72.9524947;0.2;0.01;0.03;0.0001;0.01;0.3
0.6000005382454419;-0.5000382087068349;0.6000021382250332;73.052626;0.2;0.01;0.03;0.0001;0.01;0.3
0.6000142020664136;-0.49999244273944743;0.6000079098669238;73.1520432;0.2;0.01;0.03;0.0001;0.01;0.3
0.6000126504820043;-0.5000218658597845;0.5999595808020972;73.2535057;0.2;0.01;0.03;0.0001;0.01;0.3
0.600005941287858;-0.5000058191971994;0.5999442245638126;73.3528431;0.2;0.01;0.03;0.0001;0.01;0.3
0.600036734098273;-0.4999957679256285;0.5999695404055169;73.452949;0.2;0.01;0.03;0.0001;0.01;0.3
0.5999919886240073;-0.5000240326692094;0.6000247901542894;73.5534198;0.2;0.01;0.03;0.0001;0.01;0.3
0.6000394627183571;-0.4999952099035808;0.5999699901905997;73.652786;0.2;0.01;0.03;0.0001;0.01;0.3
0.6000159249206086;-0.5000223744407297;0.5999937383718859;73.7537953;0.2;0.01;0.03;0.0001;0.01;0.3
0.6000207243466638;-0.5000350233234235;0.5999498190537736;73.8540214;0.2;0.01;0.03;0.0001;0.01;0.3
0.6000017087329428;-0.500032775440401;0.599943150678386;73.9540192;0.2;0.01;0.03;0.0001;0.01;0.3
0.6000032009865728;-0.5000329708395761;0.5999718973971794;74.0593669;0.2;0.01;0.03;0.0001;0.01;0.3
0.600008816325888;-0.49999842893387236;0.6000086032672161;74.1544119;0.2;0.01;0.03;0.0001;0.01;0.3
0.6000086143829113;-0.5000078876258672;0.5999772332287526;74.2544793;0.2;0.01;0.03;0.0001;0.01;0.3
0.6000086329663022;-0.5000198832173197;0.5999886776464803;74.3551092;0.2;0.01;0.03;0.0001;0.01;0.3
0.5999944497674372;-0.5000085657628504;0.6000080269124858;74.4548555;0.2;0.01;0.03;0.0001;0.01;0.3
0.5999754243994637;-0.5000478274623005;0.6000219027549422;74.5548518;0.2;0.01;0.03;0.0001;0.01;0.3
0.5999773791077484;-0.4999999998493237;0.5999861473555681;74.6554118;0.2;0.01;0.03;0.0001;0.01;0.3
0.5999755644229722;-0.5000361974362597;0.5999779497724527;74.7557616;0.2;0.01;0.03;0.0001;0.01;0.3
0.5999973618809784;-0.5000133766979857;0.5999992261589024;74.857829;0.2;0.01;0.03;0.0001;0.01;0.3
0.5999752106813078;-0.500011095091146;0.6000535366545274;74.957168;0.2;0.01;0.03;0.0001;0.01;0.3
0.5999672936589768;-0.5000005745884006;0.6000172296573916;75.0564335;0.2;0.01;0.03;0.0001;0.01;0.3
0.5999954208327075;-0.5000101177053322;0.6000145166260552;75.156997;0.2;0.01;0.03;0.0001;0.01;0.3
0.5999556622886917;-0.5000154343760923;0.5999831088559562;75.2563607;0.2;0.01;0.03;0.0001;0.01;0.3
0.5999854768613971;-0.50001061245634;0.6000471230089107;75.3571539;0.2;0.01;0.03;0.0001;0.01;0.3
0.5999663270363386;-0.5000086094031014;0.6000105095636814;75.4571036;0.2;0.01;0.03;0.0001;0.01;0.3
0.5999703677999406;-0.49998833965695044;0.6000279054505698;75.5571578;0.2;0.01;0.03;0.0001;0.01;0.3
0.5999593829969263;-0.500038479259976;0.6000493169145827;75.6574052;0.2;0.01;0.03;0.0001;0.01;0.3
0.5999794777548599;-0.5000181437493331;0.6000152291846416;75.759273;0.2;0.01;0.03;0.0001;0.01;0.3
0.599969997964474;-0.5000339752132283;0.6000328029862496;75.8576992;0.2;0.01;0.03;0.0001;0.01;0.3
0.5999822226202249;-0.5000227566320419;0.6000117777577013;75.9583;0.2;0.01;0.03;0.0001;0.01;0.3
0.5999880372245481;-0.4999858847481646;0.6000525101700218;76.0614698;0.2;0.01;0.03;0.0001;0.01;0.3
0.5999687249560712;-0.5000078193910125;0.6000376474617521;76.1588297;0.2;0.01;0.03;0.0001;0.01;0.3
0.5999489764955663;-0.5000188030051391;0.6000439414557989;76.2703922;0.2;0.01;0.03;0.0001;0.01;0.3
0.5999737724231723;-0.49999897186004405;0.6000099461013679;76.3599444;0.2;0.01;0.03;0.0001;0.01;0.3
0.5999762023155875;-0.4999954961054146;0.5999987320829543;76.4626365;0.2;0.01;0.03;0.0001;0.01;0.3
0.5999554261378937;-0.4999955101787151;0.6000251330952433;76.5598285;0.2;0.01;0.03;0.0001;0.01;0.3
0.5999827101531849;-0.4999966364046409;0.6000222821727392;76.6607987;0.2;0.01;0.03;0.0001;0.01;0.3
0.5999860668993608;-0.4999945875976768;0.6000253286571736;76.7601025;0.2;0.01;0.03;0.0001;0.01;0.3
0.5999779129112383;-0.4999836508526853;0.6000773692433325;76.8600885;0.2;0.01;0.03;0.0001;0.01;0.3
0.5999600427675706;-0.5000200609478682;0.6000137369497003;76.9609527;0.2;0.01;0.03;0.0001;0.01;0.3
0.5999581910462051;-0.5000099230327931;0.6000391897129855;77.0603315;0.2;0.01;0.03;0.0001;0.01;0.3
0.5999529995891447;-0.5000181921006124;0.6000780004736248;77.1609991;0.2;0.01;0.03;0.0001;0.01;0.3
0.5999553573208413;-0.5000316726987554;0.6000265106397038;77.2615066;0.2;0.01;0.03;0.0001;0.01;0.3
0.5999651005682518;-0.49998454336058495;0.6000574837403144;77.3630531;0.2;0.01;0.03;0.0001;0.01;0.3
0.5999872756341558;-0.49997738819240417;0.6000326829125872;77.4665964;0.2;0.01;0.03;0.0001;0.01;0.3
0.5999594170046644;-0.5000165710432056;0.600044274684048;77.5619721;0.2;0.01;0.03;0.0001;0.01;0.3
0.599966484687492;-0.49999683241590404;0.6000514431081866;77.6621858;0.2;0.01;0.03;0.0001;0.01;0.3
0.599970921144589;-0.5000064374897731;0.6000493776763385;77.7626457;0.2;0.01;0.03;0.0001;0.01;0.3
0.599976023769172;-0.5000200585920676;0.6000141332493361;77.8640349;0.2;0.01;0.03;0.0001;0.01;0.3
0.5999680022719576;-0.49999181998619235;0.6000602562895831;77.9644553;0.2;0.01;0.03;0.0001;0.01;0.3
0.5999849004544243;-0.5000099433189541;0.6000284321263133;78.0627244;0.2;0.01;0.03;0.0001;0.01;0.3
0.5999861956337961;-0.49999267985580836;0.6000100406704332;78.163667;0.2;0.01;0.03;0.0001;0.01;0.3
0.5999820014214464;-0.4999761197700729;0.6000450294130135;78.2629639;0.2;0.01;0.03;0.0001;0.01;0.3
0.5999608914506819;-0.5000246664307177;0.6000294234781617;78.3630185;0.2;0.01;0.03;0.0001;0.01;0.3
0.5999625655858685;-0.5000515649718127;0.6000662544466473;78.4629715;0.2;0.01;0.03;0.0001;0.01;0.3
0.5999678481138336;-0.49998456312712763;0.6001360186078317;78.5637908;0.2;0.01;0.03;0.0001;0.01;0.3
0.5999674769858215;-0.5000037441947359;0.6000779024226071;78.6636986;0.2;0.01;0.03;0.0001;0.01;0.3
0.5999747458439674;-0.49999339914155505;0.6001115345886139;78.7637696;0.2;0.01;0.03;0.0001;0.01;0.3
0.5999727019566673;-0.5000243877134068;0.6000575766933715;78.8642344;0.2;0.01;0.03;0.0001;0.01;0.3
0.5999688377520054;-0.5000280029286149;0.600050086637626;78.9647232;0.2;0.01;0.03;0.0001;0.01;0.3
0.5999888136335679;-0.5000046815774472;0.6000129394127445;79.0683778;0.2;0.01;0.03;0.0001;0.01;0.3
0.5999728337152717;-0.5000345536933282;0.600047498654652;79.1648235;0.2;0.01;0.03;0.0001;0.01;0.3
0.5999970358453194;-0.4999963281297465;0.600022766084583;79.2652103;0.2;0.01;0.03;0.0001;0.01;0.3
0.5999879507280024;-0.5000203072153581;0.6000392486294843;79.3648647;0.2;0.01;0.03;0.0001;0.01;0.3
0.6000078283420567;-0.5000191461025391;0.600002530594961;79.4659061;0.2;0.01;0.03;0.0001;0.01;0.3
0.6000051874221829;-0.5000098969767467;0.5999538031495919;79.5675376;0.2;0.01;0.03;0.0001;0.01;0.3
0.5999856998914301;-0.5000265096180351;0.6000582085569518;79.6656252;0.2;0.01;0.03;0.0001;0.01;0.3
0.5999864487354313;-0.5000203799905167;0.6000282121595183;79.7668741;0.2;0.01;0.03;0.0001;0.01;0.3
0.6000064310622535;-0.5000023925049023;0.6000086832694114;79.866278;0.2;0.01;0.03;0.0001;0.01;0.3
0.6000076490460744;-0.5000137832108387;0.6000117061074193;79.9662378;0.2;0.01;0.03;0.0001;0.01;0.3
0.5999965822826979;-0.5000175669901272;0.5999799725966336;80.0670622;0.2;0.01;0.03;0.0001;0.01;0.3
0.5999873490648927;-0.5000144523005383;0.5999732800942308;80.1677129;0.2;0.01;0.03;0.0001;0.01;0.3
0.6000123712737726;-0.49998737502263046;0.5999779692433428;80.2669924;0.2;0.01;0.03;0.0001;0.01;0.3
0.6000055037146981;-0.5000203425447104;0.5999923386995083;80.3671612;0.2;0.01;0.03;0.0001;0.01;0.3
0.5999724232501513;-0.5000094866321922;0.6000415493625434;80.4681005;0.2;0.01;0.03;0.0001;0.01;0.3
0.6000066014423495;-0.49999531177650575;0.5999977366427199;80.5683064;0.2;0.01;0.03;0.0001;0.01;0.3
0.5999937346383847;-0.5000155716618097;0.5999699483330619;80.6685205;0.2;0.01;0.03;0.0001;0.01;0.3
0.5999895999987229;-0.5000061355845659;0.5999948353621634;80.767922;0.2;0.01;0.03;0.0001;0.01;0.3
0.5999951075421536;-0.4999907635779635;0.5999981392979215;80.8682785;0.2;0.01;0.03;0.0001;0.01;0.3
0.5999965166850403;-0.5000224687209495;0.5999491265349448;81.0239948;0.2;0.01;0.03;0.0001;0.01;0.3
0.600001261465086;-0.4999814239273071;0.6000351807111586;81.0703575;0.2;0.01;0.03;0.0001;0.01;0.3
0.6000028565964883;-0.4999742929026847;0.5999770588992608;81.1726406;0.2;0.01;0.03;0.0001;0.01;0.3
0.6000129651939552;-0.49998840748475076;0.599992035435643;81.2696552;0.2;0.01;0.03;0.0001;0.01;0.3
0.5999902119716517;-0.5000365236185222;0.5999970149694742;81.3695632;0.2;0.01;0.03;0.0001;0.01;0.3
0.6000042027311576;-0.4999864632662253;0.5999994839634999;81.4692432;0.2;0.01;0.03;0.0001;0.01;0.3
0.5999923853787597;-0.5000252543499619;0.5999568606128827;81.5823938;0.2;0.01;0.03;0.0001;0.01;0.3
0.59999152352707;-0.49999476450033004;0.5999850228124487;81.6895138;0.2;0.01;0.03;0.0001;0.01;0.3
0.600000454059841;-0.49998999028589586;0.6000185656522921;81.7707385;0.2;0.01;0.03;0.0001;0.01;0.3
0.5999826616155909;-0.5000315669623479;0.5999765128668758;81.870449;0.2;0.01;0.03;0.0001;0.01;0.3
0.6000073056078872;-0.49999153672904867;0.5999868575275591;81.9704756;0.2;0.01;0.03;0.0001;0.01;0.3
0.6000066461875776;-0.5000051771368483;0.6000167676833539;82.0724556;0.2;0.01;0.03;0.0001;0.01;0.3
0.6000072533832277;-0.5000350935499408;0.5999666988657661;82.1706777;0.2;0.01;0.03;0.0001;0.01;0.3
0.6000081488773513;-0.49999533414071046;0.5999529820099367;82.2709843;0.2;0.01;0.03;0.0001;0.01;0.3
0.5999909104641545;-0.5000252736086073;0.5999458519225473;82.3713663;0.2;0.01;0.03;0.0001;0.01;0.3
0.5999947964044803;-0.49999275662034554;0.5999614500412543;82.472137;0.2;0.01;0.03;0.0001;0.01;0.3
0.5999815185082549;-0.5000073013805755;0.6000023788553549;82.5736604;0.2;0.01;0.03;0.0001;0.01;0.3
0.5999955006193409;-0.5000328570268118;0.5999573296874041;82.6753556;0.2;0.01;0.03;0.0001;0.01;0.3
0.6000010767419134;-0.49999605453091145;0.5999999106623941;82.7718409;0.2;0.01;0.03;0.0001;0.01;0.3
0.6000259045064876;-0.4999926805540154;0.5999772475701116;82.8728982;0.2;0.01;0.03;0.0001;0.01;0.3
0.6000027238741307;-0.5000227244195444;0.599987562958752;82.9822848;0.2;0.01;0.03;0.0001;0.01;0.3
0.6000147276043396;-0.49999157626370316;0.5999520016401965;83.0744763;0.2;0.01;0.03;0.0001;0.01;0.3
0.5999785415356473;-0.5000073933186164;0.5999803336671085;83.1735058;0.2;0.01;0.03;0.0001;0.01;0.3
0.600015917265669;-0.5000204934043537;0.599950279961544;83.2726515;0.2;0.01;0.03;0.0001;0.01;0.3
0.5999964233202255;-0.5000223401376326;0.5999510019834601;83.3734459;0.2;0.01;0.03;0.0001;0.01;0.3
0.599976341179273;-0.5000210467150259;0.5999780976153514;83.5337935;0.2;0.01;0.03;0.0001;0.01;0.3
0.5999878010375226;-0.49999107089345945;0.5999934820918925;83.575487;0.2;0.01;0.03;0.0001;0.01;0.3
0.6000044670044506;-0.5000402254461107;0.5999464968389138;83.7033061;0.2;0.01;0.03;0.0001;0.01;0.3
0.6000340999455583;-0.49999418237064835;0.5999807741298709;83.7777198;0.2;0.01;0.03;0.0001;0.01;0.3
0.600027246255829;-0.4999731934655866;0.5999715672773855;83.8824987;0.2;0.01;0.03;0.0001;0.01;0.3
0.6000388420163005;-0.49993869472573305;0.5999824540544998;84.0083753;0.2;0.01;0.03;0.0001;0.01;0.3
0.6000310806840319;-0.4999744365338007;0.599968936125664;84.0757604;0.2;0.01;0.03;0.0001;0.01;0.3
0.6000584728174809;-0.4999711691915647;0.599964346248737;84.1750219;0.2;0.01;0.03;0.0001;0.01;0.3
0.6000503174357086;-0.4999599285498081;0.5999910218522428;84.2789369;0.2;0.01;0.03;0.0001;0.01;0.3
0.6000459779830052;-0.49996003859481863;0.5999909813229322;84.3761833;0.2;0.01;0.03;0.0001;0.01;0.3
0.6000258034414656;-0.4999582544778826;0.5999680145751639;84.4757501;0.2;0.01;0.03;0.0001;0.01;0.3
0.600028551936682;-0.5000070776335028;0.599964346248737;84.5759143;0.2;0.01;0.03;0.0001;0.01;0.3
0.6000221115957362;-0.49998892221918717;0.5999891059130646;84.6764403;0.2;0.01;0.03;0.0001;0.01;0.3
0.6000194169114048;-0.49999203895992445;0.599944437493189;84.7766199;0.2;0.01;0.03;0.0001;0.01;0.3
0.6000127847951247;-0.4999856793517872;0.5999842887958929;84.899837;0.2;0.01;0.03;0.0001;0.01;0.3
0.6000277353522897;-0.4999664594904061;0.5999756442552122;84.977016;0.2;0.01;0.03;0.0001;0.01;0.3
0.6000240674301137;-0.4999776615649797;0.5999509018630308;85.0795779;0.2;0.01;0.03;0.0001;0.01;0.3
0.6000085688367555;-0.49998344701413083;0.6000183219692161;85.1848418;0.2;0.01;0.03;0.0001;0.01;0.3
0.6000314963293907;-0.4999580486367658;0.5999809113230494;85.2840974;0.2;0.01;0.03;0.0001;0.01;0.3
0.6000348632862913;-0.49995353441663176;0.5999723850400704;85.3778227;0.2;0.01;0.03;0.0001;0.01;0.3
0.6000262522786454;-0.49994414545977145;0.5999626941931521;85.4777476;0.2;0.01;0.03;0.0001;0.01;0.3
0.6000338005999761;-0.49997604081625413;0.5999555169372506;85.5791589;0.2;0.01;0.03;0.0001;0.01;0.3
