0.40001241655888525;0.2500772962799074;0.3999762653719648;965.8157803
0.4000085073633706;0.25008775136176964;0.39996961521084856;965.9145003
0.400020373058203;0.2500685341921439;0.399972154867716;966.0130833
0.40001025861823447;0.25008584517219956;0.39997553348491893;966.1209103
0.4000129170535378;0.25008086771192106;0.3999725731735267;966.2132225
0.4000182727412556;0.2500709209436231;0.3999681777174549;966.3167206
0.4000209769746976;0.250072913435934;0.3999603911681805;966.4148812
0.3999885396742705;0.2500613949014177;0.40002760750462435;966.543331
0.39997583783343565;0.2500671007336045;0.40001928437323786;966.6145108
0.39998794250670233;0.2500453264481419;0.4000210677881692;966.7152638
0.3999852912120535;0.2500676947078031;0.400006210547022;966.8200607
0.3999858643846447;0.2500642905047597;0.40000798421437384;966.914705
0.39998622743451984;0.25006975564977235;0.40000164065873084;967.0152059
0.3999923138047118;0.2500556911345113;0.40000632915455625;967.1171361
0.3999963689957426;0.25006206906851636;0.39999153063417725;967.2153397
0.40000313975439455;0.250054472165485;0.39998641055052436;967.3155039
0.3999954891730137;0.25006944051902874;0.3999787781280911;967.4157141
0.39999322421693384;0.2500526207516043;0.3999973474376499;967.5159441
0.4000085966124624;0.2500568751423383;0.39996547721545145;967.6170365
0.4000079211805105;0.25004954831613274;0.39996681386560934;967.7192054
0.4000206996141109;0.2500147491379735;0.39998427304702616;967.816515
0.4000190645428414;0.2500114443727967;0.3999883408542272;967.916786
0.400030106903037;0.2500013438938431;0.39998493488886316;968.0170352
0.3999943465885389;0.24998946554051196;0.40004495977327015;968.1171386
0.39999737093746185;0.24999256082759225;0.40004097698010255;968.2225142
0.3999982261480501;0.24996635209252144;0.40006101074274975;968.3179265
0.3999938424757403;0.24999706229659535;0.4000340417770858;968.4211424
0.4000016707669729;0.24998040565099594;0.40003642237406645;968.5491793
0.4000002222569726;0.24998231338905433;0.400045684672504;968.6218919
0.4000122561922289;0.24997809508623262;0.40002401647005736;968.7184842
0.4000021641575358;0.24997424132741658;0.40003949178918286;968.8206805
0.39999822892104664;0.24999378933570518;0.4000281563568657;968.9307168
0.4000085975001907;0.24998617083396574;0.40002032591333514;969.0201745
0.40001017090913976;0.24996279880730587;0.40004033176951853;969.1197049
0.40000611008878995;0.24998501311537508;0.40002085575300117;969.221563
0.40000160195612927;0.24998990766224788;0.4000256282038913;969.3197861
0.4000046668054556;0.249983520196192;0.4000235195471732;969.4201159
0.3999950045560248;0.25000292677448227;0.4000205013514783;969.5204785
0.4000841042353073;0.2500402520634421;0.39983613410643803;969.6406486
0.40009279443358053;0.2500292936716631;0.3998381001776804;969.7206753
0.40007961435101685;0.25001242878232627;0.3998723898447305;969.8212024
0.40003878548393856;0.25001246422323853;0.39994062686576803;969.9211826
0.40002417212167396;0.2500109793111962;0.3999595715537587;970.021152
0.4000184599648483;0.2500039369166506;0.399982129884904;970.1212124
0.3999794789202742;0.24997274323982924;0.4000692356690229;970.2215231
0.3999680425489016;0.24998685735852172;0.4000747932459964;970.3222408
0.3999873482979749;0.2499798615515945;0.4000412795894494;970.4243549
0.3999935146561333;0.24998444849141194;0.40002982496051814;970.5238186
0.39999365091932754;0.24997664839995548;0.40003677457676096;970.6238979
0.39998582589979353;0.24998798259558072;0.40003975200453995;970.722936
0.3999797032169827;0.25000267420884775;0.4000297974617217;970.8231318
0.4000111397340366;0.24998638311430357;0.40000157825124233;970.9229406
0.4000115424892497;0.24999808755926112;0.39998525937156465;971.0236032
0.4000142325066962;0.24998612834036657;0.3999952548426569;971.1236313
0.40000319019578023;0.2499871885214078;0.40001198823602935;971.2242015
0.4000074285410011;0.24998992672125453;0.40000120743433265;971.3271121
0.40001375354012964;0.24998760500302958;0.39999281033314177;971.4244184
0.4000099917712514;0.24999658554845347;0.39999046244048053;971.5246527
0.39999883146042914;0.24999759816626038;0.40000973558668806;971.6246007
0.4000035908825057;0.24999365467856688;0.4000049432327823;971.7250684
0.40000243131650476;0.24999229235808124;0.40000574857020066;971.8252432
0.39993140783713743;0.24902097767940612;0.3999931150450866;971.9252062
0.39994830046381113;0.24507093638373356;0.4000147790208965;972.0273759
0.3999492619936458;0.23770349325996673;0.39998568558145;972.1278569
0.39993308525297505;0.2280651511509339;0.3999871063703573;972.2262169
0.3998799876409333;0.21461741473958615;0.4001145180377232;972.326093
0.39988341273512346;0.2017429646159534;0.40010090654834374;972.4436361
0.3999286630057364;0.1878797224204111;0.4000072730214866;972.526741
0.3999567350326273;0.1752056585990769;0.399990740495409;972.6266982
0.3999418311330683;0.16169422845723794;0.4000332167669269;972.7486256
0.4000028924798195;0.1482264447336066;0.3999838837967922;972.8357979
0.3999537242894743;0.13608876446237406;0.4000455346614329;972.9300629
0.39996513417054563;0.1230852286638982;0.40000869574472636;973.0276389
0.39998686851912596;0.11123371048930171;0.3999802575747519;973.1276648
0.40001026170823556;0.09860404353083539;0.39995267458821204;973.2556288
0.39999176739359266;0.08707012801636098;0.40000555198696774;973.3278101
0.3978589150297599;0.0678336153484192;0.4000410386831647;973.5440828
0.394747142315743;0.062015416008709065;0.4000092749593086;973.6433797
0.3906351335207793;0.05934555351343004;0.39995176030493357;973.7290483
0.3846580119948542;0.05919584208837187;0.4000254464291462;973.8289977
0.37765452913616904;0.06138494654542002;0.4000365695732786;973.9294167
0.36798396180215115;0.06619350824297708;0.3999597133007119;974.0300023
0.3566177209259674;0.07193951792097569;0.40005014812687295;974.1303802
0.3421238692664189;0.07768735891667096;0.39999152886854683;974.2306154
0.3282267515506289;0.08172645216101285;0.40008499455150115;974.3301196
0.3129556886899719;0.08457949360400875;0.3999195373586014;974.4306202
0.2994280609498144;0.08610213732857827;0.39991191864962383;974.5308496
0.2872358514762221;0.08593541095022598;0.3998898196503687;974.6310495
0.2777491187971244;0.08382029782154606;0.3999400573955744;974.7313111
0.27130448806850055;0.08025444787926145;0.40001305247997837;974.831448
0.266969604692995;0.07466026769293722;0.39999144170937057;974.9313275
0.2654153299735403;0.06792508161859157;0.39998678041404695;975.046561
0.2663412866024603;0.05911400371728484;0.4000200570398447;975.1487566
0.2697606728134168;0.04947186448354078;0.40003377951952224;975.2355359
0.27561039534137816;0.03809408439546145;0.40001772731704666;975.3345995
0.2809867652727632;0.027739887122675676;0.39997032931346893;975.4324412
0.2866162575654907;0.016749300625928287;0.40003936623210445;975.5329371
0.29157887391503057;0.006932143538831879;0.39997954831488525;975.6329803
0.2967827612336548;-0.003444901126438282;0.3999841023387111;975.7348783
0.301341599799308;-0.012846157643364822;0.3999338875645625;975.8336752
0.3060598231268253;-0.0227156402995008;0.39996245331330327;975.9334313
0.30968058212913463;-0.030940641577762378;0.3999676008961339;976.0338305
0.31141431494523303;-0.03753919194117832;0.39998629254174095;976.133847
0.3109036318752403;-0.0416830658454363;0.4000050599683739;976.2343384
0.30774737876927016;-0.04508862346162407;0.3999619908589306;976.3344548
0.3020480790699806;-0.048963109736301864;0.3999558379924973;976.4346061
0.2949490698303395;-0.05406075132805902;0.4000813707676704;976.5364669
0.2909699510217844;-0.06010022930165159;0.4000332802548073;976.6351015
0.2900940859047653;-0.06646158747659174;0.40007693392652155;976.735209
0.2922398774911603;-0.0740487260657417;0.40004062679669444;976.8358325
0.29664981916323346;-0.08129504927634731;0.4000149996142869;976.9375449
0.30158387612915755;-0.08890471751876457;0.3999705678182622;977.0375542
0.3059276641098277;-0.09566335892198491;0.3999871654028928;977.1359652
0.31043418469127027;-0.10269479367342638;0.40001738753228944;977.2364954
0.314426246084621;-0.1089419318593107;0.4000079426678048;977.3362636
0.3185667912516972;-0.11547830571475085;0.40000534305810737;977.4418332
0.32219966913998127;-0.12127424541917323;0.40002875262714943;977.5382325
0.32598935838219084;-0.12731677679010311;0.3999725805607302;977.6384301
0.32935746899832674;-0.13268660083977274;0.3999201032410691;977.737113
0.33277210255039974;-0.13821062831642686;0.3999763106700964;977.8461149
0.33582762767587726;-0.14312630698286885;0.39996638914753946;977.9479793
0.3389769792867564;-0.14822493427063724;0.39997309547265386;978.0375097
0.3417230368650549;-0.15270856577250388;0.4000604045727287;978.1462765
0.34457145632894576;-0.15739564647021403;0.4000594938237896;978.2405104
0.3470694275289796;-0.16152406497591817;0.40008933577856914;978.3383452
0.3496819913973184;-0.16580588130564664;0.39999668646215447;978.4382689
0.3521711696199344;-0.1698891886556681;0.39993600395097084;978.5389785
0.35432969635330014;-0.1734552235622814;0.400048028482552;978.641791
0.35660476714086936;-0.17718161161750862;0.3999748733963682;978.7393166
0.35856440544333207;-0.18043715156968163;0.3999796465426483;978.8395192
0.36058963187594556;-0.18382012509819168;0.4000400680854969;978.9398527
0.3623819795893158;-0.186810429363152;0.40001452225291817;979.0395347
0.36423382658913556;-0.18989753289355116;0.3999822858906466;979.1402096
0.365863818242558;-0.19260762614817392;0.4000369706163238;979.2402102
0.3675450050138178;-0.19540001978409907;0.39999801002046975;979.3398656
0.3690281060544214;-0.19787741854923713;0.40000380340651687;979.4406183
0.3705675714353835;-0.20039917244382333;0.3999895013338055;979.541071
0.3718975452117725;-0.20263739058769148;0.40006304388368674;979.6412055
0.37327828741395364;-0.20498771996183832;0.4000474234754643;979.7557042
0.37450979071245194;-0.20706458301094913;0.400045706484272;979.841465
0.37578373239171886;-0.2091242471027072;0.4000372182244464;979.9429924
0.3768888023210074;-0.21101279947962856;0.40003005811506487;980.0415866
0.37805462956962654;-0.212925759322334;0.39996874327484494;980.1417359
0.3790516125718664;-0.2145825687247893;0.3999916126430419;980.242134
0.3800867161515688;-0.21633672933299763;0.4000099282338669;980.3424976
0.3810032620129592;-0.2178507651960778;0.4000184041403255;980.520382
0.3819841309005524;-0.2195155444045329;0.3999832643744481;980.5431341
0.3828747304304659;-0.22102480394249402;0.399990432983486;980.642926
0.3836564574153022;-0.222342439450156;0.3999978277707979;980.7817751
0.3844892003274827;-0.22372699722441922;0.4000177307648721;980.8715034
0.3851905740693329;-0.224943286795718;0.4000096062354159;980.9437478
0.38593241741187523;-0.22618866331331944;0.4000103463683497;981.0435799
0.3865719544198505;-0.22724349543102842;0.4000453266441555;981.1437808
0.3872460849201114;-0.22836143769998962;0.40002825141046416;981.2440636
0.3878383508647372;-0.22936511144052035;0.3999815148463725;981.3448251
0.3884149982286414;-0.23039453164999543;0.4000235545250198;981.4536015
0.38893618297296656;-0.23131995679951103;0.4000232041729211;981.5463738
0.3895111774181469;-0.23221913299477975;0.39998519936384763;981.6447648
0.389969749086307;-0.23307612221027926;0.39997391363308993;981.7460302
0.39044723727816194;-0.2339228215276157;0.39999891999282583;981.8500615
0.3909308443382095;-0.23459470537258675;0.3999724719322843;981.9453853
0.39138487933139327;-0.23535035764253442;0.3999797553699591;982.0454313
0.391738339049944;-0.23607887353805487;0.39997808245966643;982.1457437
0.39213620266353894;-0.2367361903834591;0.40001790016175875;982.2457401
0.3925238726373951;-0.23733329294869293;0.3999827142369522;982.3458849
0.3928852104541083;-0.23796170412549134;0.4000201821676938;982.4461334
0.3932374864754186;-0.23856724700302945;0.39999099309843916;982.5810028
0.3935395170883021;-0.23911389853118248;0.4000074600704185;982.6515846
0.39383947773794903;-0.23968654820090732;0.39999030858029666;982.7520568
0.39415463189635774;-0.2401195998155794;0.39998939222238394;982.8552988
0.394420115315017;-0.24059798517346703;0.40006141763556585;982.9513301
0.3946878442709797;-0.2410394476544542;0.4000163590674054;983.0473592
0.3949501932325315;-0.2415034280501055;0.39997704634859316;983.1474231
0.3951918953737443;-0.2418713436665666;0.3999779103162799;983.247861
0.39541117639505496;-0.2422852272986658;0.4000000609857292;983.348197
0.3956172145232274;-0.24264306797580468;0.3999972203314332;983.4484283
0.39583811248466616;-0.24299387432939212;0.40000265207712665;983.5485204
0.3960459456420604;-0.24330759998436927;0.39998094943098517;983.6488902
0.3962374471650678;-0.2436100699215818;0.4000084313659798;983.7488758
0.3963820389953603;-0.24393216104346283;0.40002611948830413;983.8665475
0.3965718175951835;-0.2442180976843132;0.4000314650236627;983.9490324
0.39671745406410475;-0.24449558593307522;0.4000233059547221;984.0497563
0.39688498966087715;-0.24480872188192918;0.3999554769741892;984.1500643
0.3970422857967118;-0.24495828076909848;0.40005231150154513;984.3183892
0.3971770418635216;-0.24524348807312868;0.4000166390848933;984.3767266
0.3973316602713009;-0.24548767212407988;0.3999437043616099;984.5241577
0.39744319880913037;-0.24571871545859586;0.40002049532199996;984.5981197
0.39758592300503737;-0.2459284857959074;0.3999945092475995;984.653125
0.3976680433183264;-0.24613524453810035;0.4000165670188444;984.7508224
0.39779727906878326;-0.24630455316189329;0.4000042517444333;984.8510258
0.397878976466067;-0.24651466925880394;0.3999942423562898;984.9517158
0.3980086668029492;-0.24664061312834398;0.40000155713770585;985.0521444
0.39809239023641413;-0.24680248946458416;0.40001511842661275;985.152408
0.3981848543197723;-0.24697566740864974;0.40000588871231796;985.2518521
0.398300773942428;-0.2470500392734068;0.4000125354311842;985.3520798
0.39837941650574205;-0.24720957626604506;0.399979379622425;985.4523853
0.3984266262678701;-0.2473762103467033;0.4000261790320171;985.5523521
0.39851976217888485;-0.2474914385225421;0.400006252548356;985.6522902
0.398593662563938;-0.2476244597206321;0.3999592013737443;985.7525837
0.39866041282998127;-0.24771338963206185;0.3999997999586144;985.8528874
0.3986992352416201;-0.24783402520269615;0.40005281316340896;985.9548855
0.39876359917397564;-0.24794491800635568;0.40003387679394;986.0533314
0.39880566606020484;-0.24803067588935246;0.40006465824167525;986.1534153
0.3988716508910171;-0.24814024639630694;0.4000403147097937;986.2544914
0.39895445066165947;-0.2482236233574685;0.3999999305846379;986.3544601
0.3989891282500682;-0.24830248388285844;0.4000294289650703;986.4556967
0.39907850860399297;-0.24835972476104165;0.39997605191091307;986.5544259
0.39909505977232185;-0.24847356928018755;0.3999766651067987;986.6579692
0.3991270931606436;-0.24854559385504638;0.400028892289292;986.7591616
0.39917031046019397;-0.2486213000536134;0.39998881992275903;986.8591594
0.39921032112349536;-0.2486813300473309;0.4000170853087698;986.9586261
0.3992605423624908;-0.2487354017877873;0.3999938404831992;987.0571825
0.39928812965237725;-0.24882918229305642;0.3999690112904533;987.1560104
0.39932112491010646;-0.2488795227760332;0.3999900428328826;987.2588426
0.3993713166342782;-0.2489065076974124;0.39998241329974443;987.3564166
0.39938568045774664;-0.24898954787222194;0.39996984316060413;987.4568553
0.39941182580819123;-0.24905448611884246;0.3999676379814434;987.584658
0.3994209078949162;-0.24911474442665682;0.3999838483967449;987.6635757
0.39945761391540385;-0.24915150506477923;0.39998457950055305;987.7571128
0.399474535956972;-0.24917503342454767;0.40000684027465083;987.8575213
0.39951389177530766;-0.24922518051517004;0.39997767481236224;987.9603325
0.39951727141012805;-0.24926482832430166;0.40001747733938675;988.0622794
0.3995626552597405;-0.24929319449152537;0.39998812865010025;988.1578904
0.3995917108825766;-0.24933532632261093;0.3999613598627942;988.2580653
0.39961637262505795;-0.24934066954558703;0.3999900418781482;988.3583068
0.3996421243759214;-0.24934141706051613;0.40001766958069257;988.4585205
0.399652428034548;-0.24939115741377202;0.39998624425217794;988.5592321
0.39967736360353495;-0.24942547494761363;0.399968992117282;988.6594203
0.39969233193101095;-0.24946388073899772;0.39996067231005333;988.7596596
0.3997096858774242;-0.24947861007155564;0.3999747134950273;988.860378
0.39969043028220125;-0.24954472224574747;0.39998607571293554;988.9751333
0.399719442634734;-0.24953323517275042;0.4000184741030492;989.0870066
0.3997231909688033;-0.24958119796490094;0.3999971922673429;989.160413
0.39974940536299114;-0.24960585362159302;0.39997461710305243;989.261174
0.3997532112052948;-0.24963408850517274;0.39995758389031955;989.3608238
0.3997614408064704;-0.24965426273825111;0.39997581482758665;989.4608569
0.39979048904494335;-0.24963836867194952;0.3999763261719432;989.5611882
0.39978066936687007;-0.24968119622906845;0.39997983610669813;989.6616479
0.39980063807040034;-0.2496955560568476;0.39996990360168744;989.7619043
0.39979220149163247;-0.24971902325755532;0.40000241147548443;989.8622105
0.3998132227794354;-0.24973858195572343;0.39997065295956713;989.9893144
0.3998336613316704;-0.2497314476385302;0.3999715360356656;990.0644761
0.39983881044849995;-0.2497378164301557;0.39999351488089213;990.1626814
0.39985164714591614;-0.2497394616999311;0.39998592933019567;990.2628172
0.39984873656723835;-0.2497576939144159;0.4000025907857588;990.3632377
0.3998643047119804;-0.24976646476443973;0.39997718113543085;990.4638443
0.39987204353225425;-0.24977490585849021;0.3999903879442089;990.5768341
0.3998751882470246;-0.2497840196528255;0.40000364337386174;990.6634808
0.3998899345280339;-0.24979900468993246;0.39998644934523875;990.771029
0.3998993189900341;-0.2498049752016992;0.39998177417896924;990.8732045
0.3998960020908769;-0.24980532963266924;0.3999966418884174;991.0024758
0.39991012799534087;-0.24981345338124133;0.39998638603711006;991.064398
0.3999099124544226;-0.2498178645422378;0.39999416640372687;991.1646415
0.3999088862670015;-0.2498436992639497;0.3999877890931311;991.2647879
0.3999159824374198;-0.24984134111179285;0.4000124636974598;991.3649369
0.3999177876463622;-0.2498435864450975;0.4000179022137052;991.4651925
0.3999248443356935;-0.2498341575106696;0.4000192941052343;991.566848
0.3999228726101261;-0.24985246031339306;0.40002004291671023;991.665314
0.399938870646835;-0.24985326187225163;0.40000105062529845;991.7660035
0.39993573709812874;-0.2498637708740505;0.40001673725969294;991.8718858
0.39993048595387926;-0.24988420793450786;0.40001089025701525;991.9692658
0.3999348062226122;-0.24989103135281443;0.40000438361757223;992.0663378
0.39995163676777024;-0.249877975363266;0.40001362962651066;992.1674423
0.39993616910405877;-0.24991872094114223;0.39998992669610184;992.2697214
0.3999398179053991;-0.2499233096138098;0.39998702120560153;992.3673881
0.399947215293986;-0.24992551136491772;0.39998611077693974;992.4675339
0.3999443024964391;-0.24992762018064568;0.4000076602636513;992.5682082
0.3999515883421011;-0.24990364761792452;0.40003028981223887;992.6680429
0.3999457915282;-0.24992946231229174;0.4000218156382598;992.7734801
0.3999422978568396;-0.24995219798053628;0.40001096010671783;992.8686853
0.3999638019532126;-0.249929178154805;0.4000029281161165;992.9681152
0.39995349694554294;-0.24993927171087;0.4000188035731315;993.0977804
0.3999492267479495;-0.24995098688000128;0.4000109899269926;993.1685375
0.3999581227524734;-0.24995507608171813;0.39999399490976134;993.2720708
0.39995751357504294;-0.24995297576896613;0.4000033328340981;993.3692768
0.39996608148713403;-0.24994676844296596;0.39999669245059577;993.4693582
0.3999685120179625;-0.24995116224843955;0.39999567545085435;993.5716975
0.3999726413863566;-0.24997506718923737;0.39995994078832686;993.669701
0.39997183045922513;-0.24995543233257214;0.3999938341564787;993.7698869
0.3999768728286519;-0.24995193227450746;0.3999917635687966;993.8699505
0.3999793677422486;-0.24995377895314624;0.3999910212368264;993.9718595
0.39997567623764396;-0.24996768008245218;0.39998743815100074;994.0704556
0.39998501398277925;-0.2499535343611109;0.3999970557585668;994.1706341
0.39996337340274113;-0.24996891441583016;0.400020442095283;994.2712043
0.3999887467457448;-0.24997450997127058;0.39997053199014176;994.371114
0.3999846296647729;-0.2499790218935431;0.39997687144121014;994.4712464
0.3999794770118222;-0.24997114891094915;0.39999557159377563;994.5720088
0.39997878903475564;-0.24996546324111468;0.4000049639604623;994.6717006
0.399981041088956;-0.24997422946053746;0.4000056346704621;994.7720895
0.3999810287777549;-0.2499789144936938;0.40000807612309036;994.8722477
0.3999676624670375;-0.24998431083680392;0.40002547077101924;994.9725216
0.39998342817386456;-0.24998978790702955;0.3999947145750648;995.0724451
0.3999938614876285;-0.24999208348385957;0.399985342453596;995.1774238
0.3999873284753873;-0.24997379874560552;0.4000127608875978;995.2732213
0.39999993445757376;-0.2499886891975638;0.3999758286516746;995.3763164
0.39999097713050996;-0.25000679876441567;0.3999775451156134;995.4770881
0.39998998657263224;-0.25000679858235647;0.39997580354053536;995.5737256
0.3999939195042237;-0.24999205581261486;0.3999928292376877;995.674996
0.39999674476248803;-0.25000431392440664;0.39997112105290317;995.774066
0.3999880770423719;-0.24999318480748;0.3999944029175136;995.8741495
0.39999634497590686;-0.24999392433118833;0.39998168863966693;995.9750745
0.3999911016903181;-0.24998441844876515;0.40001092064023364;996.0752989
0.4000006270802033;-0.24999933674788666;0.3999779485427208;996.1760661
0.3999907519116803;-0.24999779540880715;0.39998961861120774;996.2770778
0.39998472624824605;-0.2500135077585611;0.3999864051884333;996.3759749
0.400005330873346;-0.2500053842319686;0.3999602696145677;996.4762215
0.3999942736161943;-0.2500170318186786;0.3999847677247421;996.5767829
0.39999333869823295;-0.2500158988484196;0.3999836018253806;996.6792718
0.3999874428879801;-0.24999816631697178;0.4000180530184361;996.7770674
0.39998729912788455;-0.2500018153752847;0.40001723605642414;996.9111755
0.3999964964855535;-0.2499925983228388;0.40000807903418395;996.9809897
0.39998408891520315;-0.25000644002697364;0.4000118487307164;997.133018
0.3999948859884369;-0.2500090372311587;0.3999908469098886;997.1777899
0.39999313953217325;-0.24999942423207605;0.40001060054149307;997.2949655
0.39998575676011183;-0.24998864355850692;0.4000240188136919;997.381106
0.3999858598075716;-0.24999742232129243;0.400019995089111;997.5104262
0.3999823530772422;-0.2499942130399661;0.4000245504363996;997.579758
0.39999857656635185;-0.24998673356450363;0.40000979161327094;997.6786059
0.3999982173167154;-0.24998755491032654;0.4000071182180973;997.778955
0.3999969434437079;-0.24999329283484337;0.3999971274372263;997.8794091
0.39999260029850764;-0.24999491225024364;0.4000017435981754;997.979404
0.3999989522222894;-0.2499797858868722;0.4000051484900514;998.108346
0.39997901273071274;-0.2500060248689525;0.40001847773913835;998.1802354
0.3999891076665421;-0.2499917991059645;0.4000092854537076;998.2803287
0.3999880366021482;-0.25001897192687905;0.3999838085380272;998.3810304
0.39998720451788705;-0.25000674186558836;0.3999953920172389;998.4804594
0.3999833455182179;-0.25001413777081116;0.4000034220688803;998.5812718
0.3999911639130611;-0.2499909071716745;0.4000089412041975;998.7010096
0.39998995238944207;-0.24999418616933153;0.4000051484900514;998.7892346
0.39999511936024146;-0.25001319652887094;0.39998403023458384;998.880826
0.39999667463119987;-0.24999545424895472;0.3999992975034375;998.9816318
0.399982877857226;-0.2500122872655277;0.4000045781182564;999.0818396
0.3999920709596661;-0.24999083529867308;0.4000110022765983;999.1821145
0.3999940780144899;-0.25000805979544577;0.39999221490862463;999.2823921
0.39998775369865763;-0.250009996310571;0.3999883954679649;999.3831209
0.3999957271492444;-0.24998688283604292;0.40000699914020377;999.4832137
0.39998893924357537;-0.24999282208899273;0.4000089597787851;999.5830008
0.39998957735813956;-0.2499949115497493;0.40001319101242533;999.6831981
0.4000000417131421;-0.24999118037785878;0.3999903667204942;999.7834392
0.39998344675613307;-0.24998314158871018;0.40002835724566144;999.8878048
0.3999842594784621;-0.2499978883830131;0.4000241133973282;999.9843999
0.3999820832128462;-0.25000259655714707;0.4000233211900639;1000.0840083
0.39998939434355907;-0.25000194765936434;0.4000038353969107;1000.1860004
0.3999753437733018;-0.2500025381385077;0.4000313482650546;1000.2846474
0.3999936599458822;-0.2499815978883755;0.40002127222441713;1000.3848633
0.39998560797996063;-0.24999837343172243;0.4000199889045547;1000.4858101
0.39998732116967584;-0.2499919301804882;0.40001873217488587;1000.6117716
0.3999884365461871;-0.24999082370014925;0.40001794614787944;1000.7061303
0.39998672846224;-0.24999118617983734;0.40002241597105614;1000.7856523
0.39998930771064467;-0.24999450457992714;0.4000188390385342;1000.8863431
0.3999851057845017;-0.24999894303895215;0.4000254974130933;1000.9871128
0.39998436904316337;-0.24998077641191874;0.40004296742749906;1001.0867636
0.39999135231372035;-0.249986035341644;0.4000211511165193;1001.1868066
0.39998867390225556;-0.24998252258398918;0.40003274462779603;1001.2874681
0.39999866570511594;-0.2499893797789857;0.40000609545415894;1001.3896209
0.3999872008079582;-0.250007865996717;0.4000052193321306;1001.4873833
0.3999994883231526;-0.24997179044667736;0.4000219433188085;1001.5888841
0.39999521940457067;-0.2499909652326264;0.4000127724565016;1001.6907293
0.3999942342191078;-0.24999959836130625;0.4000014082414863;1001.7883107
0.39999442476138103;-0.24998384244831126;0.40002803747699067;1001.8882496
0.3999823473172076;-0.24999017707386925;0.40004426492339284;1001.9888513
0.39999721288125606;-0.24997602861306173;0.40003702981270783;1002.0887715
0.3999949761117813;-0.24997566690395326;0.40004197826493165;1002.1889562
0.39999478509889486;-0.24998168805789675;0.4000362315098793;1002.2894861
0.39998568454604017;-0.24998104098753585;0.4000572552153503;1002.3893726
0.3999897872674128;-0.2499728059015212;0.4000645728451568;1002.4895204
0.3999884973303471;-0.24998595134671625;0.40005034024365266;1002.5907371
0.3999824170750512;-0.25001142415861055;0.4000368274518552;1002.6908759
0.3999832211802305;-0.2500025733390589;0.40004291241469664;1002.7907544
0.39998865216897095;-0.24998354776958245;0.40005328677881213;1002.8909671
0.39999082739343744;-0.2500162055999204;0.4000176409778305;1002.9912166
0.4000037154686404;-0.2500128964457286;0.39999240132196745;1003.0912896
0.40001119605701807;-0.2500015153731724;0.3999834400673517;1003.1919809
0.4000089046375412;-0.25001109580564057;0.3999734240965873;1003.2916512
0.4000097818612366;-0.2500294216665552;0.3999418452720632;1003.3927834
0.4000124633315436;-0.2500328634985586;0.3999408334321449;1003.4922209
0.40001503015076123;-0.2500116891674505;0.3999606736321761;1003.5929826
0.4000042279931309;-0.2500297716571155;0.39995668268388096;1003.6926727
0.40001410035269236;-0.25001905180156175;0.3999575750674647;1003.7928312
0.4000230057074494;-0.2500093011298759;0.3999435931343202;1003.8931567
0.400002773989853;-0.25002785136966205;0.3999666797280928;1003.9936547
0.400007696392647;-0.2500181154766448;0.39996528972089973;1004.0938739
0.4000167378871016;-0.25001132618773675;0.39995620376542035;1004.193835
0.40001126699033845;-0.2500351607743639;0.3999470004790206;1004.294729
0.4000221883813034;-0.25001080297806355;0.39995230033791745;1004.3943839
0.40001312682234846;-0.25001784134036387;0.3999536573599963;1004.4950207
0.400005920001734;-0.25002442322558216;0.39996080728550676;1004.5950598
0.400013632714122;-0.2500172014620945;0.3999587313623324;1004.6952103
0.3999934934152114;-0.250017259022133;0.3999852404021627;1004.7953599
0.4000014982261622;-0.2500089392455699;0.3999802854372318;1004.8991748
0.40000304859767627;-0.2500308584543984;0.3999606736321761;1005.0086036
0.3999951885267085;-0.25002673923858565;0.39997332380277073;1005.0962332
0.4000005849905372;-0.25002644965230103;0.3999646548443723;1005.1965338
0.39999816005196653;-0.2500132229357111;0.3999861516599396;1005.2965093
0.39997295893754875;-0.2499722415443942;0.4000671425230201;1005.3967642
0.3999758783645285;-0.24995877788529353;0.4000740192579706;1005.4969327
0.399975164431139;-0.24997374009040293;0.400058452197892;1005.5968939
0.39997544108763816;-0.24997541520307776;0.40005796741405675;1005.6975874
0.39997094266961225;-0.24998205378481192;0.4000562453611567;1005.7977143
0.4000041344079967;-0.2500136030373888;0.39996788084773827;1005.8974615
0.4000087510012998;-0.2500096461907099;0.3999658606617121;1005.9981192
0.4000094459127574;-0.25001916836862903;0.39995815230548304;1006.0999365
0.400001127003277;-0.2500270877865764;0.3999718270886678;1006.1985256
0.3999970536700811;-0.25002307741387475;0.39997410981922277;1006.2991906
0.4000027857411786;-0.2500105504377188;0.39997548352332735;1006.4047091
0.40000034767761045;-0.25001852474156927;0.39997917757054224;1006.5909089
0.39999824129024714;-0.2500120325884517;0.3999807705149552;1006.59948
0.4000117142925784;-0.25000608796075857;0.3999680367345064;1006.6995905
0.3999998653560593;-0.25002295612566217;0.3999662644127295;1006.7999033
0.4000000285499182;-0.2500243898011955;0.3999708964640355;1006.9000762
0.4000055264515291;-0.2500192021510969;0.39996753910613353;1007.0003892
0.4000117390881286;-0.25000871409520453;0.39996754535459667;1007.1004419
0.39999814114123844;-0.2500157653463421;0.39998280684522974;1007.200745
0.40000016968703844;-0.25001366853466456;0.399983357513185;1007.3019156
0.39998946212660313;-0.25002453127513813;0.39999682670409925;1007.4010912
0.39999533594796277;-0.2500234824143231;0.3999845297495196;1007.5012598
0.3999960924449095;-0.2500144330617312;0.3999909666676608;1007.6018352
0.40001020701473305;-0.2500153752341949;0.399974080592227;1007.7026301
0.4000115317324283;-0.25001235960920626;0.3999698242840438;1007.8062284
0.4000120423275752;-0.24999180154246456;0.39998416857478586;1007.9025502
0.40000374562240043;-0.24999851647686924;0.39999576826767186;1008.0028883
0.400005407788463;-0.25000453866198913;0.3999896699057984;1008.1028327
0.40001407384312354;-0.2499810299878924;0.4000020947447435;1008.205074
0.40001335628675583;-0.24999473292808788;0.39998741499204693;1008.3036637
0.4000025379183072;-0.2500055365312699;0.3999876342741701;1008.4036299
0.4000224769785684;-0.24999319546555399;0.39997115386745835;1008.504092
0.4000200100118492;-0.24999345593521055;0.39997464504128216;1008.6040444
0.40001387969231256;-0.24998941411635411;0.39999014916175857;1008.7043273
0.40000450541271426;-0.25001065309928083;0.3999843956110124;1008.8051778
0.4000018587398527;-0.24999734967798493;0.4000063217462165;1008.9059034
0.4000175554214346;-0.24999416782094366;0.3999824406985664;1009.005619
0.40000890723789834;-0.25000282528923057;0.3999935751125836;1009.1076853
0.40000567152562216;-0.25000221735530165;0.39999519773733117;1009.2050509
0.4000134787478132;-0.24999750063434986;0.39998657173183066;1009.3555733
0.40000294126232805;-0.25000736683209623;0.39998968269590746;1009.4062027
0.40000950390629286;-0.2499713743282159;0.4000128379762496;1009.5088117
0.39996858537074603;-0.24991376799575993;0.4001499556222888;1009.624842
0.3999634737674351;-0.24993453099440127;0.40012534157197904;1009.7081649
0.3999743077831006;-0.2499372613304245;0.40010402301464976;1009.8091644
0.39999685882142677;-0.24995766663216681;0.400052080230967;1009.909472
0.3999941685177225;-0.24995552442557303;0.4000581526057724;1010.0286093
0.39998735345721487;-0.24998130802624438;0.4000479664462958;1010.1133769
0.4000384946779836;-0.25001107970998654;0.39994059586499575;1010.2101458
0.40003308485887934;-0.25002274116594003;0.3999178210518868;1010.311172
0.4000210654843865;-0.2500158041669793;0.3999576878913846;1010.4110256
0.40002488957242605;-0.2499910941003458;0.3999690447833255;1010.5110636
0.40002764949937714;-0.24999720309970683;0.3999644447650772;1010.6131949
0.40000625204516993;-0.24998689010938366;0.40000541058697925;1010.7119873
0.4000164037470054;-0.24998142487993344;0.39999682670409925;1010.8120731
0.4000104666558796;-0.24997900199657733;0.4000120562090175;1010.9126609
0.4000053757141785;-0.2499724810147968;0.4000220318579377;1011.0153443
0.40000228585105174;-0.24998176623617144;0.400021806233187;1011.1128623
0.4000029886032204;-0.24997799348568217;0.40001834820789123;1011.2133806
0.3999992214989923;-0.24997780760121746;0.40002871566377046;1011.3163622
0.4000019940849186;-0.2499987955862714;0.39999738476211144;1011.4518929
0.39999717872078566;-0.2500011769632038;0.3999997802682867;1011.5144742
0.40000749488076326;-0.24998247062984616;0.40000699489125086;1011.6145307
0.4000003164648655;-0.24997798197891874;0.40001952327769247;1011.7163079
0.4000013877277167;-0.24998192789646073;0.40002263018460216;1011.8169799
0.4000062016500899;-0.24997481649449171;0.40001500963398706;1011.9152924
0.4000123275914682;-0.24997885275112064;0.399999404511067;1012.0156152
0.4000094743401088;-0.24997774027887013;0.40000525303422907;1012.1158905
0.4000071637338728;-0.24997814329155785;0.4000111446180565;1012.2162246
0.40000579132655606;-0.24996780480632885;0.4000228556204911;1012.3173184
0.3999970862797258;-0.2499911594819583;0.40001816068903073;1012.4164734
0.40000143253225373;-0.24997944358247123;0.4000152591600158;1012.5170687
0.39999541190764776;-0.2499839132576422;0.4000191966949255;1012.6170728
0.4000056820105951;-0.24996641329457317;0.4000151268443937;1012.7175225
0.400007007461112;-0.24998403676134837;0.40000542928838484;1012.8181748
0.400000772383794;-0.24998464508469911;0.4000099910103752;1012.9175332
0.40000586808562233;-0.24997269557643217;0.4000142613337603;1013.0178146
0.39999825918699256;-0.24996415998839852;0.40003270312545075;1013.1206838
0.40000878260259276;-0.2499751344571254;0.40001037101033804;1013.2184791
0.4000050643747631;-0.24998154610470466;0.4000081760496271;1013.3186848
0.4000057244944716;-0.24997634459605794;0.40001344422520674;1013.418674
0.40000631339892007;-0.24996335991645838;0.40002621271932626;1013.5191341
0.40000100636910696;-0.24998233597446995;0.4000156516152693;1013.6192498
0.39999769592477963;-0.2499880991420369;0.40001276007305053;1013.7193631
0.40000883815205507;-0.24997643798098831;0.4000123360214237;1013.819579
0.40000939435907656;-0.24997593011040906;0.4000095725682949;1013.9197512
0.4000102890981815;-0.24997098755163724;0.4000170232511789;1014.0202407
0.40000262634214284;-0.24998692598319044;0.4000123298226152;1014.1201116
0.40000347079199733;-0.24999550927981332;0.40000177468042175;1014.2204084
0.3999971316343299;-0.2500058417536372;0.39999923457849673;1014.3206183
0.39999443431740495;-0.24999986745031835;0.4000095725682949;1014.4209721
0.39999211940042945;-0.25000547316030236;0.40000567758631933;1014.523237
0.40000543088868507;-0.24999678977484005;0.3999968516412788;1014.6220704
0.4000069954175916;-0.24999128576090585;0.3999984423418779;1014.721802
0.39998900901740153;-0.25000271467894297;0.4000178278629937;1014.8218715
0.3999979679244715;-0.24997707651020823;0.40002804980344353;1014.9227019
0.40000697608999114;-0.25000002430572493;0.3999886793142358;1015.0225455
0.4000008287796334;-0.2499908385067473;0.4000140776978901;1015.1226756
0.3999947038315985;-0.25000271072443886;0.4000053137041805;1015.222732
0.3999974613725635;-0.2500110431456752;0.3999957079504621;1015.3230603
0.4000032361115637;-0.24999525024646813;0.3999995922394344;1015.423265
0.3999967908025756;-0.25000414670505977;0.4000029245899428;1015.5436272
0.4000056468264879;-0.24999959131900615;0.3999956892681739;1015.639605
0.40001265715335316;-0.2499899589081845;0.39999743091074264;1015.7623508
0.3999971334940793;-0.2500071036193875;0.4000042961458932;1015.8241393
0.39999718793205663;-0.2500220649628016;0.3999804175871034;1015.924433
0.39999448948409505;-0.24999857666357583;0.4000119968731279;1016.0264783
0.3999992185702725;-0.25000727768940756;0.3999968454066988;1016.1401568
0.39999450850466667;-0.24999862837770728;0.40001488231566024;1016.225055
0.40000855974597715;-0.2499945720823311;0.3999931553816542;1016.3908451
0.4000030151994909;-0.25001948455955036;0.3999739930678677;1016.4257272
0.3999948879669028;-0.25001029924619544;0.3999959084553681;1016.5256094
0.40000462632594486;-0.2500030459449622;0.3999912256533655;1016.6264175
0.4000005289585462;-0.2500102531500969;0.39998649064243735;1016.7261067
0.3999951604828886;-0.25000806750433147;0.40000432099829114;1016.8301831
0.4000065654152177;-0.25000560667613525;0.3999778962222269;1016.9263832
0.40001657951360325;-0.2500036532408851;0.3999715912118167;1017.0266894
0.4000074625585202;-0.24999933221245899;0.39999086788650107;1017.1272073
0.39999392011436335;-0.25001028047559354;0.4000076346971996;1017.2273255
0.40000253937740626;-0.25000161001732985;0.3999936147533291;1017.3272759
0.40000069566206203;-0.2500190516672638;0.3999792614117387;1017.4276597
0.39999174071578675;-0.25000626887760724;0.40000313748415667;1017.5277035
0.3999991335600131;-0.2500170274134714;0.3999896099977832;1017.6290677
0.3999990340425533;-0.24999709483284527;0.40000671004068483;1017.7284172
0.4000065103476028;-0.24999943586286988;0.399994897021842;1017.830823
0.3999919652809552;-0.25002995851388243;0.3999826125206419;1017.9294498
0.39999866391900335;-0.2500139149601924;0.3999857046352758;1018.0288624
0.4000037628196963;-0.25000320138928345;0.39999201788025046;1018.1291582
0.4000109915089076;-0.2500125316228972;0.39997103483002067;1018.2294083
0.3999940451335685;-0.2500091740233799;0.4000051070093916;1018.3651554
0.3999951284655663;-0.2499981242550009;0.4000090225692511;1018.4743646
0.3999921205183413;-0.2500129311660206;0.40000432099829114;1018.5565488
0.40000584797342353;-0.25000596945984027;0.3999841076186296;1018.6302961
0.399997337891187;-0.25000232798959854;0.4000057904103296;1018.7304579
0.40000321020885377;-0.25001110066973986;0.3999859386389365;1018.8304255
0.4000053289938055;-0.25000774965482464;0.3999917924214398;1018.9310078
0.4000038689128088;-0.25000463728144523;0.39998614543250904;1019.0310617
0.3999912569948981;-0.25001308656432053;0.400005113215464;1019.131506
0.4000122469488236;-0.25000933617624277;0.3999776808572781;1019.2338935
0.40000044170802257;-0.2500062747865867;0.3999957079504621;1019.3453715
0.4000147653151351;-0.24999998609035556;0.3999823932081837;1019.4321239
0.4000026665706979;-0.2500043597401383;0.3999956892681739;1019.5326476
0.400003127966391;-0.24999255233783746;0.4000004031419619;1019.6341295
0.40000194676219036;-0.2500008661540037;0.39999729861984973;1019.732575
0.40000836880638074;-0.2500177846499596;0.3999651685567776;1019.833021
0.4000077147053953;-0.25000097540149924;0.39999041472478275;1019.9330961
0.4000015887411337;-0.25000038121966744;0.4000031648305775;1020.0623896
0.39999611302039045;-0.2500105582652178;0.39999983250874;1020.1394951
0.40001505181577973;-0.2500016189149093;0.39997595797343405;1020.2339945
0.4000013788430002;-0.25002613667982165;0.3999718333448039;1020.3339238
0.3999928383718411;-0.2500151629124893;0.3999976501077284;1020.446431
0.4000151117605067;-0.24998924724107147;0.3999896352144667;1020.534491
0.39996232437299056;-0.24900739188108348;0.4000074738068219;1020.6347979
0.4000060318726798;-0.24507506376433516;0.3998514484800667;1020.7369896
0.40000661961440864;-0.23771847850113498;0.39982054344401236;1020.839203
0.4000160437315398;-0.22797167907411603;0.40002860828984377;1020.9354004
0.3999936640976554;-0.21458017572263782;0.40000134492059913;1021.0354833
0.3999938430018068;-0.20168030663066328;0.400004583449028;1021.1355963
0.3999787151075158;-0.18782687548647606;0.40009720524773995;1021.236211
0.3999831441205548;-0.17521404850636038;0.39999319978998926;1021.3363545
0.39998701767033007;-0.16166442763416006;0.4000215665390586;1021.4364529
0.399982650770825;-0.14931599767685783;0.40007796867214573;1021.5364594
0.4000019943837569;-0.13609554409388733;0.4000134692581123;1021.6366514
0.3999940788414524;-0.12304664237765749;0.4000606835558999;1021.7378831
0.4000014815589347;-0.11123870819064305;0.4000178309208044;1021.8372364
0.39998463567746195;-0.09860804936844593;0.4000567408419913;1021.9377168
0.3999918152372497;-0.08714251648227403;0.39999410691964016;1022.0377816
0.3995226401259617;-0.07575514206537197;0.40001306040938567;1022.1378437
0.3978753113430998;-0.06784396990401942;0.3999496767587515;1022.2382063
0.39475675015498873;-0.062109395241124556;0.3999156155475993;1022.3380973
0.39056624880864366;-0.05940795284325157;0.40000148598928825;1022.4388965
0.3846244335434726;-0.059215815903590006;0.39997887184340514;1022.5396984
0.3775825620678394;-0.06148613514103838;0.3999478790835629;1022.6393924
0.36789923204262387;-0.0662755987960215;0.4000488126441137;1022.7391652
0.35654222647750233;-0.07208022395579257;0.39994465251661515;1022.8394465
0.34198879431093243;-0.07778445761718883;0.4000586306236937;1022.9692678
0.3282572793393011;-0.08220953069437913;0.3999875785006075;1023.0400209
0.3129304310075761;-0.08501473335343723;0.3999179237358143;1023.1402757
0.29940659833565775;-0.08648144618249805;0.3999431605914773;1023.2405294
0.2872294956237847;-0.08630893171386653;0.4000190528593568;1023.3407954
0.27834337306466095;-0.08442693310542188;0.3999855385188689;1023.4407749
0.2713305180725201;-0.08061396858768369;0.39990679732102263;1023.5407698
0.26695568354960825;-0.07504702127473346;0.39998805174380064;1023.6474116
0.2653676925917508;-0.0683049452884481;0.40005592981356225;1023.7413428
0.26632412765778823;-0.05947446603542059;0.4001092897158325;1023.8415344
0.2697146523851913;-0.049879940498520174;0.40000632117317936;1023.9422316
0.2755930054456221;-0.038507011640110604;0.4000974087068875;1024.0418682
0.2809847038470218;-0.028105168655027504;0.40004183868080717;1024.144352
0.2866380752390476;-0.017126302611118794;0.3999641142275745;1024.2425154
0.29160861280355066;-0.007235246051210644;0.3999821810296557;1024.34489
0.2967860418479428;0.003192827038226037;0.40001281229916935;1024.4429422
0.30133008662363076;0.012564307465150559;0.40002755663206163;1024.5441631
0.30606429451857087;0.02241491945600913;0.40004576712901574;1024.6435136
0.3096611658094194;0.030673371505998713;0.3999602493936164;1024.7437505
0.3114066056855485;0.03728679233243904;0.39999443920655825;1024.8439145
0.31090182514273107;0.04137996783041591;0.3999644265896821;1024.9441497
0.3079750601678875;0.043930493090089416;0.3999394494265447;1025.0478337
0.30287738335367215;0.04530416345910688;0.3999490045977403;1025.1463827
0.29657847923802727;0.048293538954606294;0.39999492909141465;1025.2448064
0.2931734947032482;0.05282206198731725;0.40001352742767204;1025.3447925
0.2925670691212146;0.05827952696631878;0.4000023090447405;1025.4472918
0.2948527104927847;0.06549988002840658;0.4000292153040497;1025.5454147
0.29918376483397063;0.07297641083350954;0.4000035701850426;1025.6456407
0.3039866367768078;0.0808578304349953;0.3999374584086654;1025.745692
0.3082673949766288;0.0879020437764309;0.3998885745604023;1025.846409
0.312677214270291;0.09526924155711917;0.3999050406143039;1025.9463619
0.3165778855868959;0.10178813125258512;0.39994755076279825;1026.0464426
0.32061081736459185;0.10865408710583038;0.3999574276897152;1026.1467629
0.3241767173088495;0.11466800069659401;0.39996952711785133;1026.2472597
0.3278364119555829;0.12094864381687545;0.4000198987026339;1026.347297
0.3310850801579603;0.12656480794058741;0.4000053156710585;1026.4473113
0.334441838338985;0.1323532826694915;0.40001899582461986;1026.5475864
0.3374143847298353;0.13748535518618332;0.3999710398378677;1026.6647351
0.3404515401405613;0.14289618867422507;0.39999465424701064;1026.7728668
0.34320000823037883;0.14764244387266598;0.3999750414410071;1026.8483701
0.346014608173213;0.15254593721927925;0.3999414312186988;1026.9483816
0.34864900840024415;0.15720398061597227;0.3999513453978489;1027.0486337
0.35098893915513457;0.16133525175475527;0.3999333046249366;1027.1494447
0.3533875178714235;0.16564727025311984;0.3999265306971816;1027.2518438
0.35547922921141456;0.16937590160764807;0.4000187979237037;1027.3494196
0.35766881615766144;0.1732968223975351;0.3999980155207999;1027.4495905
0.35958702352025584;0.17671829589864518;0.4000379312235146;1027.5501556
0.36154952642082483;0.18029710971461313;0.4000514754196882;1027.6503415
0.3633181903326586;0.1834137831103445;0.40003365928363094;1027.7504001
0.36512927471824635;0.18666851800209164;0.4000386630863499;1027.8505872
0.36670856001506175;0.18952874206312365;0.4000422363202434;1027.9506314
0.36834224684631156;0.19247716530870934;0.4000091715492254;1028.0514347
0.36980797014157174;0.19507915683679536;0.39996711196470086;1028.1514145
0.37130743128463317;0.19775418080093501;0.3999700299470514;1028.2518284
0.3726170163672431;0.20012272525300584;0.3999795216210654;1028.3516477
0.3739410810250954;0.2025840912953384;0.40003367954002644;1028.4522305
0.3751177739755687;0.2047254532516501;0.4000474652070023;1028.5520914
0.3763416850747478;0.20696232401276238;0.4000610797432621;1028.6709122
0.3774781797344688;0.20892449372968327;0.39998946820235165;1028.754311
0.37855634401609284;0.2109567595568628;0.400009641576307;1028.8528727
0.37961691305760503;0.2128835631048654;0.4000413416689276;1028.9527903
0.38056206498640555;0.21454248968467732;0.4000486345069225;1029.0550422
0.38151565826867073;0.21630842206139198;0.40004941392632615;1029.153929
0.38236589948948224;0.21784172397961;0.4000334012237123;1029.2536255
0.383253649344331;0.2194428257815046;0.3999733183959897;1029.353701
0.3840239849189001;0.22082793231045905;0.3999792594371413;1029.4604056
0.3848136899331232;0.22227379924423374;0.39995506992001945;1029.5566284
0.3855224790426515;0.22352608458946013;0.3999743457743696;1029.6547072
0.38620468307545525;0.22484704060496905;0.4000124305434092;1029.7551569
0.3868514807678703;0.2259946689349344;0.39997545368725784;1029.8570551
0.38747792477008486;0.22717068817613173;0.40002457059784946;1029.9550763
0.3880636578628381;0.22817675235299348;0.40003404679234666;1030.0720508
0.3886744156863936;0.22929027990702125;0.4000051265384909;1030.1577866
0.3891878505572475;0.23022597614261378;0.4000174492876679;1030.2556112
0.3897239100023207;0.23122036172843374;0.3999986006548674;1030.3560364
0.39020502014551534;0.23208578019826323;0.3999847794419832;1030.456535
0.390668530595569;0.23296809194474405;0.400028648526892;1030.5563216
0.39113381463947205;0.23379343950752612;0.400040523378287;1030.6568095
0.3915717091016893;0.2345560590194653;0.3999541740004301;1030.757055
0.3919610021744108;0.23528924359475967;0.4000322941551667;1030.8570494
0.39236187877341044;0.2359831501362822;0.39996441042911235;1030.9574684
0.39270916909063414;0.23666364861172534;0.40002448894533277;1031.0583457
0.3930855403273216;0.23724815457551474;0.3999562613813567;1031.1579009
0.39342751986751867;0.23786043774321794;0.3999902546504247;1031.258103
0.39371993116832754;0.23840140971664514;0.40001347883296134;1031.3585871
0.394040440247818;0.23897223685796293;0.39999970190284306;1031.458734
0.3943113201455731;0.23949960433492357;0.3999646988173465;1031.5586292
0.39458081890057944;0.24000886360076715;0.3999986201857012;1031.6588147
0.3948613704288164;0.2404538670544151;0.3999545538482885;1031.7598666
0.3951024420674328;0.24094184007808295;0.3999799648000855;1031.8596581
0.39531624022417294;0.24135937020655712;0.3999895375189009;1031.9870791
0.39555548955057945;0.2417444969540413;0.40002353592149503;1032.0741462
0.39577585741463295;0.24212675988303517;0.39999562193436083;1032.1711354
0.3959777680435475;0.24251722695447597;0.4000114384670558;1032.3237194
0.39618906532521103;0.24289167986503668;0.40000013404995477;1032.3607947
0.39636126998485127;0.2432167790495255;0.40000264011676867;1032.4607858
0.39654386417159726;0.2435322882006067;0.4000334114411323;1032.5628043
0.3967011459496876;0.2438311426553483;0.40003424909911506;1032.6621797
0.3968437583294065;0.24416695630823046;0.40002689472985137;1032.7612953
0.3969903399542567;0.24443602378285878;0.40001647024954456;1032.8617502
0.39713886143384675;0.2446992617253026;0.4000227977731683;1032.961854
0.397275159701511;0.24495102762635174;0.399995251244839;1033.0621326
0.39741100545653935;0.24522093233831155;0.3999789499629228;1033.1622214
0.3975410171274656;0.24540629664465607;0.39998797842246725;1033.2623512
0.39762293617679945;0.24567568515691213;0.4000046146780822;1033.3648999
0.3977451745331812;0.24584084761469618;0.40000519249565936;1033.5461235
0.3978547966945809;0.24607266271254358;0.40002065046572854;1033.5632619
0.39792273804570033;0.24626491738074963;0.4000454878326313;1033.6636172
0.3980502018894783;0.24645351933233786;0.39997650747352115;1033.7663914
0.39811451093057815;0.2465938646121577;0.40006922340872936;1033.8638921
0.39820213061195103;0.24677857544549148;0.4000468785004605;1033.9640716
0.39832119860732584;0.2469206581794639;0.39996804220589033;1034.0754718
0.39837020013114927;0.24706961727767726;0.4000338329195822;1034.1650761
0.39844513198327974;0.24724429513496446;0.40002311965689513;1034.2647661
0.3985246217315484;0.2473259542086456;0.40006826341015117;1034.3651752
0.39858971144972105;0.24750405246787968;0.40000939230980204;1034.4654697
0.3986788773766716;0.24759393280704095;0.3999950143354314;1034.5673638
0.39873233736441294;0.24771645785108842;0.4000093378644118;1034.6657118
0.39877852367337185;0.24784355504481195;0.4000098949399369;1034.7658648
0.3988492737383156;0.24794085400635885;0.3999992147900543;1034.8683364
0.39886797054171047;0.24807031086373205;0.4000253946932776;1034.9663178
0.3989209918994958;0.24814775624350766;0.40003570491920526;1035.0664754
0.3989930170455493;0.24825925721152936;0.3999692361280161;1035.1666394
0.399038887762361;0.24833374146655338;0.3999864149793793;1035.2669532
0.3990792058738948;0.24837184359626177;0.4000532281687336;1035.367528
0.3991315071232049;0.24845668511939822;0.40002369464810206;1035.4674215
0.3991967089775982;0.24852465245763966;0.39998341004092675;1035.5675122
0.3992154651530382;0.24858728140630207;0.4000373769692706;1035.6679418
0.3992705359949494;0.24868797980537516;0.39995334001226246;1035.7683908
0.3992941881849852;0.24873361457996546;0.40000468764941244;1035.868719
0.3992944618154327;0.2488140413157851;0.4000585263646656;1035.9688473
0.3993241286341869;0.2488853739620989;0.4000359692241052;1036.0699554
0.39939602634302757;0.2489176460513413;0.3999699927894049;1036.1695669
0.39942512568001826;0.24898160907396072;0.39995903730461135;1036.2701595
0.399436822244227;0.2490179998096658;0.40001735495885776;1036.3696706
0.39944693478495574;0.24906563087679637;0.4000280067669459;1036.4700532
0.3994873237351098;0.2491332870136207;0.39999375994605196;1036.5715903
0.39953226254304436;0.2491644733550319;0.3999745471403296;1036.6720893
0.3995590201039236;0.24918012129805484;0.3999887121667313;1036.7704816
0.3995655611230333;0.2492692184400291;0.3999538260661837;1036.8707514
0.39960820938729463;0.24926362854852785;0.3999770860936293;1036.9712168
0.39961422078958403;0.24929562175148207;0.3999841159541439;1037.0710862
0.3996252955208288;0.2493654716361758;0.39996450976859704;1037.1714963
0.39966541664142125;0.24936496197341942;0.3999673146456944;1037.2719112
0.39967115562460626;0.24940606999230056;0.3999776131975241;1037.3720965
0.3996882518521678;0.24943171813222856;0.3999798356451451;1037.4723028
0.3997191330946746;0.24945439045151313;0.39995526858531594;1037.5942445
0.39972752933088646;0.24949667791055213;0.39995296399189467;1037.6725857
0.3997507154377019;0.24952812731692456;0.3999142029158867;1037.7803191
0.3997425066627654;0.2495416301528903;0.39998055103070607;1037.8731495
0.39973442789087177;0.24957017738246629;0.4000019145844335;1037.9733971
0.39974706608444044;0.2495894048588955;0.4000123842936665;1038.0769199
0.39978958213240173;0.249577414025689;0.3999908277889688;1038.1736345
0.3997959129763753;0.24960352431847094;0.3999887411994137;1038.2739819
0.39978666118089823;0.2496656826366074;0.3999833844517441;1038.3745585
0.39981055441695545;0.24967346599522197;0.39996369162476886;1038.4742878
0.39982210968807413;0.24968261177067266;0.39997099783488516;1038.5747969
0.3998223893032212;0.2497068254701078;0.3999807076059812;1038.6750068
0.3998421415177709;0.24968718146151395;0.3999912209809938;1038.7750419
0.39984234081690595;0.24973611040396373;0.3999651669196602;1038.8759664
0.3998519949037727;0.24970886885725194;0.40001227608750467;1038.9773794
0.3998567308772016;0.24971654566573137;0.4000208500271648;1039.0756089
0.3998637284382133;0.24978263905833187;0.3999619479200772;1039.1761418
0.39987486836112573;0.2497800137144499;0.3999758975841096;1039.27768
0.3998756541486252;0.24979395989853764;0.39997366088560204;1039.3765345
0.3998585559308933;0.24981009324605194;0.40000982835439103;1039.4771689
0.3998699620415938;0.24982868099510483;0.39998832287875463;1039.6127551
0.3998957772557729;0.24979046220718737;0.4000062273786698;1039.6818404
0.3998876011975355;0.2498107187147486;0.4000329239765304;1039.777445
0.3999142286197301;0.2497860119759333;0.4000304116593113;1039.8776419
0.399896230146483;0.24982887776330667;0.400026466657908;1039.9779449
0.3999384113217282;0.2498072366175794;0.3999947277977462;1040.0778491
0.39994042138250646;0.24979414322419943;0.40001822384645513;1040.1783363
0.39991013793315733;0.2498603862391648;0.4000107482944141;1040.2784716
0.39992622024781715;0.2498715548366656;0.3999846432198884;1040.3790138
0.399927338533495;0.2498897668397083;0.3999775789212508;1040.4788662
0.3999279797474998;0.24988842475852918;0.39998462542190305;1040.5791445
0.3999388236068897;0.24988649965375911;0.3999817913378881;1040.6791242
0.399953030627235;0.24987374288377073;0.39998112219003723;1040.7794406
0.3999298791680461;0.24992498795208745;0.39997682145413815;1040.8800128
0.399940896428507;0.24991611706419492;0.39998258037547824;1040.9797677
0.3999384552521135;0.2498982846883897;0.4000181770997771;1041.080175
0.399934061129233;0.24991844507477073;0.4000103028257574;1041.1801651
0.3999226961884723;0.24993875545638036;0.4000221647699284;1041.2804631
0.3999533607045998;0.2499149849970511;0.40000691000008404;1041.3824855
0.39994971695885206;0.2499249732047885;0.40000881838592744;1041.481124
0.3999635535992737;0.24992519815150913;0.3999862878434015;1041.5811477
0.39995748209006293;0.24992244114101209;0.40001046506017246;1041.6814158
0.39996359443473267;0.24993845092101477;0.39999205368361324;1041.7814535
0.3999774320896058;0.2499202269504896;0.3999977238448812;1041.8821259
0.3999670321909402;0.24994633900319407;0.39999549993106487;1041.9935443
0.39999063810020064;0.2499378776204425;0.3999653142088909;1042.0827249
0.3999656240090299;0.24996800074363174;0.3999758099403615;1042.1824082
0.39999025864542337;0.24992984738240873;0.39999001758298525;1042.2825956
0.39997251485951696;0.24992712005321085;0.4000189318514503;1042.3830043
0.399979692165827;0.24993490157510964;0.4000014882658091;1042.4836926
0.3999719737014669;0.24994271309259916;0.40000212518546685;1042.5835521
0.39997738623499246;0.24993998685171792;0.4000057822080844;1042.7044348
0.3999970068674147;0.24993048561012743;0.3999883295793965;1042.7863995
0.3999773887957674;0.24994527191247182;0.4000070594345638;1042.8842416
0.3999759979612401;0.24993686291905715;0.40001532082994207;1042.9842344
0.3999730335580304;0.2499610255012133;0.4000051483832057;1043.0846932
0.3999712688726324;0.2499745020026189;0.4000043494313766;1043.1846928
0.3999772088573041;0.24998193908193672;0.39999450408737813;1043.285145
0.3999817869177854;0.24997947410814297;0.39999113818995785;1043.384798
0.39998815156846357;0.24997733675048164;0.39997951641736723;1043.486555
0.3999979068966095;0.2499898172477332;0.39995976909222175;1043.5859734
0.3999971710442411;0.24995583647441844;0.3999908746730984;1043.6877841
0.3999958975929878;0.249970140979829;0.3999841610782858;1043.7869419
0.39999817256576686;0.24997283246605842;0.39998827945265963;1043.8860429
0.400005100519051;0.24996985260826027;0.3999742971363012;1043.9880754
0.4000119201062486;0.2499572005127326;0.3999728068792534;1044.0940987
0.39999549531693573;0.2499682127034698;0.39999061256776663;1044.1875927
0.40000825050638233;0.24996349903888535;0.39997863102573233;1044.2870259
0.39999462744238473;0.24997508855588418;0.39999475851871075;1044.3871264
0.39998544148943044;0.24999643723831227;0.39998847874225485;1044.4883802
0.3999729133938413;0.2499959522252557;0.40001685788428687;1044.6311347
0.3999811136179311;0.2499936117889029;0.4000050214001375;1044.687804
0.399966167983977;0.25001311918789204;0.4000088040045554;1044.7882172
0.3999821965944625;0.24998797141887133;0.4000123531795981;1044.8886942
0.39997984565181965;0.2499825154941076;0.40002477722879065;1044.9887903
0.39997504130930595;0.24998642525155412;0.4000352987342794;1045.0886633
0.3999824473990363;0.24999067390869073;0.4000193317333155;1045.189253
0.3999745957301713;0.2499976225488411;0.4000197657570337;1045.2892237
0.3999659751127628;0.25000450073593966;0.4000305053291967;1045.3893584
