0.3999855318994804;0.25001533852856966;0.400013213608695;6.6913764
0.3999855513525172;0.2500092414649283;0.40002064912713653;6.8072892
0.3999809012874126;0.250003379905181;0.4000394033265337;6.8892803
0.3999744389185365;0.2500225807693101;0.4000298388667234;6.9878549
0.3999833599299603;0.2500028067666905;0.400032007694413;7.1172817
0.3999787807906447;0.2500052713206944;0.40003537325640054;7.1907751
0.39996730042836287;0.2500148142760232;0.40004725336101526;7.287404
0.3999848772377841;0.25000268275272325;0.40002955184249467;7.3879261
0.39997660581933653;0.25000597501893407;0.4000409103253907;7.4883341
0.39998706326415595;0.2500045039195077;0.4000254215568732;7.5894457
0.39997882174751953;0.2500032391719485;0.40004629260714697;7.6887301
0.39997657140670834;0.25001818991141483;0.40002268493432797;7.7890251
0.3999820886723757;0.25000849734277103;0.4000295319612183;7.8889865
0.40000078245984655;0.2500080642940938;0.40000635514183946;7.9891531
0.39999786015661176;0.2499980270977426;0.40001249191612837;8.0898269
0.3999973655741346;0.24999341140338324;0.4000232118970149;8.1920331
0.3999957883954661;0.2500181550813223;0.40000303001253334;8.2894336
0.4000032500527298;0.2500013557444505;0.4000063957743848;8.3894272
0.40000801972127076;0.24998498883715198;0.40001168660361874;8.4900682
0.4000118392935528;0.24999291219689107;0.400003357604522;8.5898926
0.39999217593226816;0.25000940902632673;0.4000175306713379;8.6906699
0.3999919367240919;0.2500075613776803;0.4000157134514705;8.790045
0.3999948781030351;0.24999225358443686;0.4000237416633648;8.8905105
0.39999282275956893;0.25000883124471257;0.40001676596129276;8.9911426
0.3999970425128877;0.25000298810638977;0.4000087917940471;9.091199
0.40000906091085126;0.24999876515316435;0.4000033368820228;9.1926936
0.40000345715113134;0.24999623355114686;0.40001062044291824;9.291268
0.39999859659307097;0.25000624320402115;0.4000104855851138;9.3912946
0.39999118848168225;0.2500019921984663;0.4000175026185218;9.4933945
0.39999852009579584;0.25000447619288274;0.4000003988760047;9.592261
0.4000056198075601;0.24998396478213442;0.4000170042441538;9.6921102
0.4000047627608287;0.25000037330441144;0.3999965638262667;9.7921844
0.4000087726268641;0.2499853550194272;0.4000102193197492;9.9145909
0.39999891471002924;0.2500063689651131;0.4000028979582357;9.9935538
0.4000010060365277;0.24999509219650543;0.40001111886917967;10.0934942
0.40000735897057554;0.2500032110412338;0.39998974073335136;10.1949159
0.39999984229392105;0.2500006831866446;0.40000954811933925;10.2931941
0.39999802583437055;0.2499998605623171;0.40001111886917967;10.3943163
0.4000025465466429;0.2500080329158938;0.39999650327492725;10.4935872
0.39999261032919853;0.2500158093872182;0.39999980328819884;10.595213
0.4000036093854169;0.24999621513724732;0.3999973986123446;10.6961599
0.39999629604257514;0.2500078810072078;0.399997631096043;10.7978583
0.4000007427753234;0.2500079842108587;0.3999924827117716;10.8941594
0.4000028795947364;0.2500090148893781;0.39999397508914497;10.9944634
0.400006823797774;0.24998529944169479;0.4000055160835314;11.0962998
0.39998625392598564;0.25001291133210635;0.40000855414803554;11.1963161
0.40001152217539615;0.24999440832008332;0.3999876903064952;11.2953544
0.40001116956443117;0.2500005082341702;0.39998211241774834;11.3969584
0.39999731140261297;0.25001172326655097;0.3999975505950557;11.4974239
0.4000082871289319;0.2500114209121372;0.3999721368818042;11.5960377
0.4000062522627919;0.24999741808808063;0.3999975505950557;11.7010674
0.4000066504623278;0.2500028779696098;0.39998547821729385;11.8011477
0.40000753867575856;0.2500093861876746;0.39997725698131387;11.9011519
0.4000073601634394;0.24999790760168783;0.39999171718432164;11.997374
0.40000357413108595;0.2500067404365124;0.39998617999294084;12.097266
0.40000170503759086;0.2500162570961553;0.3999853977196898;12.1971475
0.3999983708067871;0.2500096900628013;0.39998708889310686;12.2968865
0.40000779451948004;0.2500033838721085;0.39997961338733196;12.3972094
0.40000012759824727;0.2500015683812078;0.3999988459782061;12.4988279
0.40000301975124813;0.2500064710521622;0.39997934636240634;12.5976107
0.4000015382635187;0.25001193658534876;0.3999853631130185;12.6992547
0.4000061796440803;0.2500079456822812;0.39998311037620016;12.7982318
0.40001512178865;0.2499891022237086;0.3999837032438403;12.8985556
0.4000097543000518;0.2500051482265538;0.3999805614094794;12.9990499
0.40001152217539615;0.24999440832008332;0.3999876903064952;13.098446
0.40001510204005153;0.24999519913684795;0.39997626749782583;13.1990642
0.4000157487983058;0.2499946213053486;0.39997550276707233;13.2990863
0.400016730610872;0.24999504677112944;0.39997790730097005;13.3995179
0.40000828480260614;0.2500044322419621;0.39998346445261224;13.499881
0.39999998957514443;0.2500166576798768;0.39998062205126733;13.6006503
0.4000043755228132;0.250007896800879;0.39997908973104385;13.7483282
0.4000014051089828;0.2500029780741049;0.3999955009356112;13.7997121
0.4000138400782296;0.2499946459796963;0.3999846720421944;13.9121422
0.4000129858967897;0.25000133077350256;0.3999805414619068;14.1035209
0.40000979155743893;0.2500034133527294;0.3999735317898829;14.2017927
0.4000129633139946;0.24999870632897567;0.39997418207762797;14.3063868
0.4000060154171128;0.2500165225374219;0.3999763993447033;14.4024236
0.40001141156151354;0.2500041724957072;0.3999714120605966;14.5013868
0.4000101860464577;0.2500036358083178;0.399979785210835;14.6020969
0.40001598248560166;0.25000267559112294;0.39997307412992705;14.7025893
0.4000179443894343;0.2499964801691176;0.3999713713366179;14.8044196
0.4000089906258722;0.2500064330652316;0.39997502215932296;14.9030955
0.4000084669287179;0.24999841574096024;0.39998263084666663;15.0031754
0.3999996967208802;0.25001362251546716;0.3999883720894525;15.1042055
0.40000977586355796;0.25000255682070377;0.39996847235587485;15.2033466
0.4000154905872588;0.25000685064360634;0.3999655458796802;15.3031013
0.4000097816945673;0.24999982313284363;0.3999825072205567;15.4289837
0.4000149045657796;0.25000134410784086;0.3999713713366179;15.5060399
0.4000136586392815;0.2499919559870951;0.39998098544713073;15.6050882
0.4000083290839554;0.25000446533270354;0.39997773475827664;15.7437023
0.4000088579477123;0.25000384022377714;0.3999795097181564;15.8051298
0.3999980075778822;0.25000496177113835;0.3999968935837773;15.9053071
0.3999998069257474;0.25000136021520597;0.39999578256904855;16.0064845
0.40001092981579495;0.24998962080739062;0.3999936230612941;16.1051932
0.4000037449505883;0.2500006245256182;0.3999803936186877;16.2052422
0.4000119649470444;0.2499911826625611;0.39997991510865805;16.3068513
0.4000095303629869;0.2499988720802806;0.3999825271680737;16.4094833
0.40000271181289776;0.2500001305724343;0.3999926698752943;16.5101521
0.40000273867360636;0.24999818701053356;0.39999554343925436;16.605901
0.4000014139188655;0.2499942359898795;0.3999975135133549;16.7069344
0.399991169512267;0.25000965854576834;0.3999990437676588;16.8088245
0.40000624917775474;0.2499973354370249;0.39998689952542693;16.9063139
0.4000047292642494;0.2500097713235657;0.3999817217248092;17.0592213
0.4000089056933548;0.2500185936447547;0.39996587969131303;17.1079864
0.4000016395692977;0.2500082960622784;0.3999867442817319;17.2074142
0.4000092889526701;0.2499924716035456;0.39998689952542693;17.307728
0.3999946317705625;0.25001125896357657;0.39999763837448243;17.4073223
0.4000019585128616;0.25000314584331695;0.39999506496535914;17.5138314
0.40000097715245087;0.24999933889044487;0.3999917325621756;17.6110891
0.4000023768857247;0.2500130906851061;0.3999814941837033;17.7251985
0.39999680663371895;0.2500122254039768;0.39998834673087713;17.8131665
0.39999359501713877;0.25000994582097225;0.39999580250191;17.9931666
0.4000162604792614;0.2500080264656705;0.3999585875881183;18.008361
0.40001309562820825;0.24998808349761695;0.39998862231019233;18.1099448
0.400006650220602;0.25000530352994926;0.3999819319672417;18.2432709
0.3999993891821721;0.25000195702072764;0.3999981030857722;18.309465
0.3999932342231238;0.25000444341270694;0.4000087801861279;18.4228328
0.3999973818661495;0.25001165478195275;0.39999008945847037;18.526062
0.40001586443009146;0.2499893503261776;0.39998053616985824;18.6109969
0.4000102872951381;0.24999999525770122;0.39998116640509623;18.7102253
0.40000245641273524;0.2500008078087646;0.3999867210670756;18.8108185
0.39999992803064494;0.2500013699051606;0.39999987722287317;18.9110776
0.39988637482228795;0.24996143875308022;0.40022550515259936;19.0115167
0.39989652741976917;0.2499643372683723;0.4001974129104312;19.1293507
0.3999184055140061;0.24996665277819488;0.4001609006663311;19.2124181
0.39993533773487394;0.24997700116063126;0.4001239663586444;19.3122087
0.39996902353992336;0.24998634468229278;0.400059069287109;19.4117137
0.39997613490814726;0.24997192675631258;0.40007156206464745;19.5227101
0.40002692239730503;0.24998723753252003;0.39997515598202543;19.6118876
0.40001789875057164;0.2500027757190592;0.39997677003358756;19.71236
0.4000067599096169;0.24999136321077767;0.40000381019206593;19.8122996
0.4000035035831919;0.250009234542002;0.39999009487623444;19.9129848
0.40000928760802246;0.25000854736529493;0.3999818463121094;20.020106
0.40001814395989876;0.24999662630947306;0.3999825711246873;20.11954
0.4000006981002336;0.25001699079001455;0.3999848845487887;20.2135089
0.400002819131078;0.25001509935546584;0.39998891459738134;20.3152645
0.4000074612694775;0.2500041344381813;0.39999239269586767;20.4131779
0.40000357279021254;0.2500084915837073;0.3999931781485151;20.5135392
0.40001242880130533;0.2499993575000209;0.3999863118810903;20.6487047
0.40001503641085817;0.2500075915999975;0.39997423034176105;20.7171343
0.4000185777798262;0.2500013370677887;0.39997185074567965;20.8667373
0.40000888214764335;0.25001003818525636;0.3999825918784575;20.9195603
0.4000190639213902;0.24999614084612845;0.39997994843250395;21.0244286
0.40001248202373046;0.24999569242693245;0.39999193287394513;21.1189976
0.40000321461883476;0.2500135704930302;0.3999881698069408;21.2221964
0.4000140100212163;0.2499938768851458;0.3999941676549529;21.3541442
0.40000396825339285;0.2500069627303731;0.3999924333591778;21.4264057
0.40001147777995544;0.24999437517840734;0.39999342004930544;21.5169435
0.40002113594131283;0.24999096099950588;0.39998073394918765;21.6731555
0.40001699272437863;0.2500075625125785;0.3999659658286094;21.7192782
0.4000055819566762;0.2500076245065652;0.39998525937156465;21.8164574
0.40000980782887474;0.25001125933397605;0.3999763154710427;21.9168539
0.4000183746620164;0.25000117603543487;0.3999662475070928;22.0167119
0.4000179528384097;0.24999556865309175;0.3999751307257568;22.1180429
0.40000879273099416;0.250011593051815;0.3999707961021645;22.2182775
0.40001360545698456;0.24999979689167737;0.3999697643252184;22.3174448
0.40001024505877825;0.24999200250820278;0.399984245326643;22.4178146
0.40000116562807114;0.2500150936904772;0.39998567722056594;22.5185989
0.4000103134336726;0.24999746802903444;0.39998298131159477;22.620319
0.39999881045041574;0.2500123525246259;0.39998731955449507;22.7201975
0.4000077441636632;0.24999627927152052;0.3999860194825555;22.8186128
0.40001250558625806;0.25001328758628594;0.3999618928627406;22.9259707
0.4000067227985321;0.24999124524393646;0.39999657198267674;23.0299981
0.4000011268878845;0.25000635590678083;0.3999867850215034;23.1536611
0.4000020031500697;0.25001376079961335;0.39998040084614983;23.2826867
0.40000823676136466;0.2500043161900388;0.39997854268996996;23.3282714
0.4000026856754606;0.2500026578151933;0.39999085500411524;23.421339
0.4000141017561884;0.24999463883633477;0.3999778611497838;23.5212679
0.4000065383385899;0.25000882581640566;0.399978850537313;23.6210288
0.4000053083119136;0.2500099575816197;0.3999835706580617;23.7202914
0.3999911358386527;0.2500062417176706;0.40000152881712053;23.8211143
0.3999454008530431;0.24910978216108887;0.40009787660169904;23.9211996
0.399996437340286;0.24500982479774883;0.39997375901560206;24.0234375
0.4000329070131114;0.23830992799987585;0.3998829827569747;24.1234714
0.40004034742169864;0.22799673786349992;0.3998252116501146;24.2213559
0.39997315462811867;0.21567863411695495;0.39994426969349045;24.3228215
0.39994928125636986;0.20169778302002656;0.4000329740604247;24.4223272
0.39995405455812094;0.18892491678173398;0.40003666380782155;24.5233928
0.39997278444420364;0.17519501299478546;0.40006948959713234;24.6247453
0.39996103733713445;0.16272452944315524;0.40009965460613056;24.723415
0.40000551830171416;0.14935642793567028;0.39998804636846963;24.8408506
0.39995041499405043;0.1361450358785963;0.4000882066361826;24.9239279
0.39996211048581237;0.12414677384716714;0.40002369052153003;25.0232978
0.39997218202270457;0.11129048579783146;0.39998238308335565;25.1252639
0.4000084222819259;0.09962499400315553;0.39993315975866733;25.2235866
0.3999726579770511;0.08720513065089897;0.40000463924670443;25.324304
0.399683358536185;0.07668521908900063;0.3996313362721772;25.4260895
0.39820493085480496;0.06805700671143004;0.3981224569304381;25.5362098
0.39526111194617286;0.06235431493107462;0.3961728778435559;25.6384145
0.3900948316626749;0.05872524018145082;0.39393350936717486;25.7280333
0.3834147609260922;0.05744722287030463;0.39206878480143503;25.8324383
0.3738705126155668;0.05819018426170483;0.3902738573552708;25.9389243
0.36261780107680286;0.06019311282218968;0.3891650987827261;26.0260284
0.3478639119849705;0.06205825599161531;0.3884850406002377;26.1253584
0.33346463885838223;0.06165199232919342;0.38818954783512455;26.2266866
0.3181025821861027;0.05918729423261403;0.38826535517032645;26.3261457
0.30435963687315065;0.05492005310259961;0.38859560965881135;26.4277297
0.2907496215569137;0.049227666489877704;0.38899493148919606;26.5260421
0.28090017907573744;0.043071181035876226;0.3895661729955815;26.6262795
0.27329334628267793;0.03563028727930841;0.3899221570408428;26.727648
0.26879838173572995;0.02712216891671156;0.3904445304606478;26.8272326
0.2674144037955626;0.018612500962954116;0.3909704673527768;26.9277826
0.2689758857546379;0.008754880306216682;0.3914442841565537;27.0271501
0.2732356160148679;-0.0007800878006747354;0.3919659475894524;27.1272763
0.27913705504648506;-0.010976822444052107;0.39230039522180743;27.2275262
0.28443941750672924;-0.02015344087838559;0.3926134145470245;27.3291073
0.28992050056958796;-0.029814106307168506;0.39304852393688566;27.4280174
0.2947929396939886;-0.03849169750838585;0.39327661289698385;27.5281713
0.29978134842373877;-0.04753208562492288;0.3936326152446632;27.6319775
0.30422324677427176;-0.055674472168577904;0.39388340287586043;27.7291161
0.308834983896553;-0.06421686325180616;0.39414806573794997;27.8380997
0.3128993987857288;-0.07182218726545246;0.3944146324150941;27.9365387
0.3171174683615018;-0.07983674728370228;0.3947248795611026;28.0300871
0.3208579320110717;-0.08692446874715042;0.3949157716829639;28.129321
0.3246607248435679;-0.09430688092571415;0.39525180623958406;28.2313316
0.3280579680134048;-0.1009021380586662;0.3955095323770409;28.3301852
0.3315735500211279;-0.10776172831287653;0.39569592685999044;28.4300666
0.334675181125595;-0.11385921120220341;0.39588204939468136;28.5302281
0.33785974882276265;-0.12016466339388225;0.39608714919846644;28.6307891
0.3409019679440074;-0.12623328842121417;0.3962856990920682;28.7308588
0.3435867073460266;-0.13161825542046873;0.39640422872688563;28.8311372
0.34634879683965325;-0.1372244948939841;0.39661096617827624;28.9312751
0.3487836007288525;-0.14216285855604754;0.3967991273729004;29.0314666
0.35129181703491735;-0.14728433777926006;0.3969608553643455;29.1316353
0.35588123473508154;-0.1567112474298839;0.39720775959971905;29.339134
0.35797348407284196;-0.16102354706444302;0.3973997610963826;29.4324654
0.3600801250368103;-0.16538158826748764;0.3975566580220165;29.5504818
0.3619137988686838;-0.1692146995854777;0.39763961236114154;29.632671
0.36380559624233316;-0.1731227260901216;0.39770842338172346;29.7324045
0.3654664106635661;-0.1765545857965848;0.3978438589238095;29.8429216
0.3671666743008944;-0.1801488175195244;0.39794862934850045;29.9332503
0.3686681450824543;-0.18326915282031067;0.39804329514918946;30.0366901
0.37021097790361174;-0.186561594152957;0.39811809922980357;30.1923827
0.37162362534513543;-0.189516386610896;0.3981496999387515;30.2342109
0.37301870313624685;-0.19247572626454712;0.3982909308497059;30.3363269
0.3742437634338888;-0.19506432832164247;0.398361511189162;30.4392296
0.3755148560532689;-0.1977794804522113;0.3984876415099834;30.5401829
0.37665423373380114;-0.20014679927758633;0.3985130488222925;30.6344853
0.37780970007805903;-0.20261177947731504;0.3986068766029741;30.7352065
0.3789191578294351;-0.20492928363359156;0.3986753229107134;30.8357338
0.37985526915085627;-0.20698301480440554;0.39879579458058956;30.9361211
0.38085585773486336;-0.20909545558126882;0.39879254006767345;31.0352866
0.38173522210234095;-0.2109387522246269;0.3988716367553437;31.1356841
0.38264878701531596;-0.2128548604692428;0.39893793337594974;31.2363503
0.3834649572913261;-0.21450418678793073;0.39896347020963785;31.3367195
0.3842674799227165;-0.21628788721116166;0.39901590586801916;31.4363514
0.38498631858536897;-0.21781134543278932;0.3990450089615912;31.5369303
0.38571329276188093;-0.21939899171868904;0.39911760421749637;31.6367623
0.3863826202255932;-0.22079978752374538;0.39914388536915135;31.7371811
0.3870521799293201;-0.22223283746459976;0.3991615341133068;31.8471816
0.3876626467530598;-0.22347431092514303;0.3992167154580572;31.9374102
0.3882688834426448;-0.22477521413550888;0.3992889615165253;32.0439456
0.3887969569915484;-0.2259233254477859;0.3993152617086172;32.1389154
0.3893700353877746;-0.22712123211543678;0.39931348066379535;32.2380654
0.38983857376123304;-0.2281702558818847;0.39937766934625846;32.3383793
0.39034935232057333;-0.22924377380554742;0.3994191733725338;32.4381471
0.3908006155038023;-0.2302035387674186;0.39940701400954703;32.5397703
0.39126128746873007;-0.23121312842952577;0.39939895557445965;32.6390549
0.39168046119334743;-0.2320969004927585;0.3995212608024301;32.7401129
0.39206854112575723;-0.23291593547543765;0.3995203099148909;32.8398635
0.3924548862721148;-0.23378122120343453;0.39952339391955316;32.9391602
0.39280088016619874;-0.2345453370793153;0.39951829344275674;33.0393713
0.3931510869664175;-0.23526505210740878;0.3995904944184147;33.1400119
0.39347794755080606;-0.23593928311859563;0.399585918510638;33.2398832
0.39379704827601514;-0.2366344671550821;0.39961656985135846;33.340006
0.39407046156038117;-0.23723341147706273;0.39967627963663827;33.4399788
0.3943804566480645;-0.23785476977985248;0.3996335010465956;33.5405335
0.3946348735035265;-0.23841987512004545;0.3996480239399284;33.641051
0.39489611009956765;-0.23897767907955078;0.39969288621121085;33.7425385
0.39511285935534707;-0.23951414009570793;0.39969913935837975;33.8720086
0.39535699457413737;-0.24004634658958332;0.39972279329478666;33.94722
0.3955935478655734;-0.24049588140742004;0.399716197652706;34.0420851
0.3958152603945894;-0.24095338161123184;0.39972878318908084;34.1437105
0.39596642589214226;-0.24139208987443458;0.39978466644684757;34.241881
0.39616811193365764;-0.24181566420704487;0.3997884214190704;34.3433448
0.3963647826765376;-0.2421668859804028;0.39978451130902315;34.4443352
0.3965469949788794;-0.24257436442252667;0.3997693801323116;34.5430057
0.3967125368887911;-0.24292644448969014;0.39980901935363466;34.6439804
0.39685711078107;-0.2432625111392459;0.3998021277947549;34.7438043
0.39699728332440126;-0.24359881345261478;0.3998382079897449;34.843102
0.39713493456055354;-0.24387277671140078;0.3998318280913416;34.9432675
0.3972684303761819;-0.24419295357479134;0.39986778158611;35.0446127
0.39739245267064055;-0.24446284812549796;0.39987098192145737;35.1478642
0.39753889703458734;-0.24472316782227396;0.3998375539895581;35.2502409
0.3976307500077809;-0.2449647300420279;0.3998862269937405;35.3442314
0.39774986603690166;-0.2452376095170127;0.39983833070606245;35.4445671
0.3978603188850864;-0.24544808105831517;0.3998360855843693;35.5449558
0.39796174182182775;-0.2456428460327502;0.39989783377525673;35.6519841
0.39803548119068;-0.24587476219898707;0.39990175274616147;35.7452507
0.3981592764650638;-0.2460743554056073;0.3998646202982137;35.8451627
0.3982228165099492;-0.2462693900411872;0.3998769080423778;35.9483194
0.3982925723807841;-0.24647243978337516;0.3998884744170656;36.0466245
0.39838609523930446;-0.2466356665370228;0.3998689457812859;36.1457715
0.3984457631879712;-0.24679539326524882;0.3999354992315925;36.2458743
0.3985434259034337;-0.24691009539012393;0.39991587877121976;36.3472073
0.3985955395570562;-0.24709843685423652;0.3999114371840154;36.4462187
0.39866005941483135;-0.2472428929625723;0.3999547998569867;36.54659
0.39874494179698805;-0.24736231373612808;0.39990129290588244;36.6469926
0.3987854334330651;-0.24749565944760687;0.3999564559918058;36.7483298
0.39886381878723953;-0.24759732149020927;0.3999093148276253;36.8481961
0.3989012532948207;-0.24773067790128064;0.3999162786485369;36.9475237
0.3989705295580644;-0.2477957455571034;0.39993242937106327;37.0482117
0.3989932250064542;-0.2479363507897486;0.3999728861014796;37.1481514
0.39904990903180104;-0.2480249859997047;0.39996976220163943;37.2503399
0.39911070888765376;-0.24815084905368454;0.3999068847723311;37.3792817
0.39914622423756724;-0.24823093929206494;0.39991140097952815;37.4490627
0.3991990361061915;-0.24830749882109074;0.39989532104029485;37.5628102
0.3992463704604525;-0.24836722934931615;0.3999333466928652;37.6492142
0.39926306838258946;-0.24846248485947944;0.39996925848050324;37.7496772
0.3993079334792062;-0.24852655319255776;0.3999223972898187;37.8493781
0.39932707504906384;-0.24861524809034796;0.3999728254408736;37.9506256
0.3993827600387727;-0.24866507687293476;0.39993306942180207;38.0496487
0.39937933275564097;-0.24875469776804582;0.3999804217571181;38.1516461
0.39942203055980857;-0.24879512792003153;0.3999956279572233;38.2501552
0.3994614777461422;-0.24887356601892116;0.39992477508966384;38.3505219
0.3994887539601314;-0.24890923791334818;0.39995864549510807;38.4511905
0.3994945615423421;-0.2490132174943794;0.399923064962012;38.5506273
0.39951928868840536;-0.247981770362231;0.40002497427352335;38.6513947
0.3995430694775047;-0.24414150450852964;0.39992017793245943;38.7528901
0.399554310663344;-0.23681953157114957;0.39995315021729644;38.8520239
0.3995874279654042;-0.2271386477384522;0.4000210612525316;38.9512255
0.3995734848987427;-0.21379137329394646;0.4000832705673962;39.0518708
0.3996124252508339;-0.20089783454074428;0.39997996200557645;39.1519307
0.39959614224426726;-0.18706327211376986;0.4000827263994376;39.2525744
0.3996643654465887;-0.1745030930657768;0.39990320547509256;39.3561294
0.39966361221916724;-0.16096368226283359;0.39998550026853474;39.4616946
0.39968708549422194;-0.1486226007604625;0.40001059258933214;39.5590879
0.3997122193326481;-0.13537915753467555;0.40001798981417397;39.6683286
0.399728195209352;-0.12334869592608547;0.400003340873203;39.7539276
0.39973945980979897;-0.11053304637800995;0.4000107770656312;39.8584438
0.39974437236311033;-0.0988666418793523;0.4000538212366104;39.9536654
0.39977699477713424;-0.08640974430206672;0.40000000274268527;40.0538863
0.39926957649768086;-0.0757252429241798;0.4000837175635836;40.1533969
0.396950344283495;-0.06667058386886686;0.400295842578619;40.2537916
0.393055807479478;-0.06060593705245834;0.40071279246300023;40.3541855
0.3869899204845437;-0.05661571835029911;0.40110590884348984;40.4569926
0.3788186313868648;-0.055016638718207424;0.401513438741166;40.5556116
0.36919210654682333;-0.055564376120737634;0.4017216895515815;40.6554156
0.355943412057193;-0.057191708987269774;0.40183705444529055;40.7589199
0.3416538590337179;-0.05766385992156348;0.4018313697106739;40.8555263
0.3261907719025511;-0.055904570722407426;0.4019026623115854;40.9571282
0.31230796836309477;-0.05212878278220593;0.40180994190841474;41.0560699
0.2979464795806216;-0.04606414240697583;0.4019348134361426;41.155909
0.28609060133011716;-0.039409857121455456;0.40178322177878284;41.2558489
0.276304600524794;-0.03147010998521853;0.40172476797404366;41.3576411
0.27013295153859995;-0.023600381983527336;0.4015523801289289;41.4720648
0.26646319801931456;-0.014400882245281667;0.4015017100730635;41.5823187
0.26594978803333896;-0.005452840638722281;0.40141378396720734;41.6573391
0.2684835459524511;0.0045491845086428435;0.40130148008186456;41.7572987
0.27353849287195975;0.013888403254581946;0.4012624980309951;41.8580795
0.2794351876185006;0.023750766568521802;0.4012073053668879;41.9590985
0.2847554021021358;0.032571365428868015;0.40107521647699634;42.0581526
0.29022025468371476;0.04185644656973508;0.400977063758654;42.1582527
0.295440280910105;0.05079662294355723;0.40098381097421093;42.2592058
0.3000618847916672;0.0588429368706838;0.40089614879423463;42.3621517
0.30487670022561475;0.06734496392235811;0.4009519253009981;42.4592031
0.30910150047019697;0.07484697734573459;0.40090257368618426;42.559529
0.31348793803116387;0.08269657172878428;0.40085850341340573;42.6613106
0.31734730297623226;0.08963804862593722;0.40082994632566393;42.7786516
0.32140828439693736;0.09698455587279282;0.4007371882370856;42.9100097
0.32504562202753595;0.103589018237032;0.40060775539000365;42.9595733
0.32868237627662183;0.11034557486353769;0.40059900532965503;43.0599822
0.3318397399909732;0.11632582674885139;0.4006235518253391;43.1605947
0.335189317556615;0.1225336103111017;0.4005706013225502;43.2600759
0.3381193918521094;0.12806708478585982;0.4005060896479614;43.3950718
0.34120279049476815;0.13386553733616555;0.40049074382401995;43.4646365
0.34384515926551984;0.13895651455003913;0.4004848630791782;43.5610519
0.3465726397696404;0.1442760025853164;0.4005222419290796;43.7220615
0.34912203075997444;0.14908633375312877;0.4004522460913006;43.7659448
0.35162395801786367;0.15397618129730786;0.4004898207594379;43.8614903
0.3538391572464651;0.15826278467854046;0.40042933836891537;43.9661807
0.3561249794677765;0.16267762504450825;0.4003826481698787;44.0651745
0.35828360133025633;0.16692804647249548;0.4003361408020627;44.1643028
0.3601870627676251;0.1706189976320282;0.40037745134611924;44.2809086
0.362170209075938;0.174511322795105;0.400358403889856;44.3712128
0.36389784444326484;0.17791610730240442;0.40031725543219154;44.4669645
0.36568313306079514;0.18144215982040027;0.4002448044705178;44.5827663
0.3672547409633783;0.18453776908672398;0.40029675223397665;44.6640301
0.36889567420386826;0.18775412696634744;0.4002552179298777;44.7639132
0.37029923286827776;0.19054498813365717;0.400284177282925;44.8654081
0.3717690164304685;0.19348875926357512;0.4002197578964086;44.9639589
0.3730502797273005;0.19600201460069802;0.40027413527957506;45.0638203
0.37438756619292546;0.19862109652374085;0.4002516174542222;45.1639155
0.375534088090654;0.2009289757423463;0.4003098456463893;45.2657552
0.37673651713902806;0.20337913918774253;0.40025715480135554;45.3642476
0.37781043832987765;0.20550500543598876;0.4002539663763406;45.4646275
0.3789337674341531;0.20769084262833354;0.4001853439412994;45.5651165
0.3798581955249803;0.20960960807224724;0.4002195182055653;45.6653698
0.38085438207638106;0.21158588807345866;0.40020469996890234;45.7650331
0.38173978242598955;0.21333974085380467;0.4001754690728149;45.8653082
0.3826673290744262;0.21510073720333023;0.4001741623119274;45.9676626
0.38346060805613646;0.21672888349784525;0.4001500046488876;46.0660106
0.3842994216690883;0.21838678059328817;0.400081599726213;46.1661178
0.38505734618374665;0.21993041222033347;0.4001316808242368;46.2662293
0.385716611075119;0.22131617638720577;0.40011839228751656;46.3665509
0.3864295978298355;0.22273457696235605;0.40012886446199664;46.4664269
0.387044570715125;0.22396844147995076;0.4001316178043998;46.5683886
0.38770062320695137;0.2252461001225955;0.400092882812265;46.6686677
0.3882373214120885;0.22636705257098114;0.400160805653932;46.767791
0.3888227181826495;0.2275194337675676;0.40012952304197674;46.8678321
0.3893413953033473;0.228558411977637;0.4001208301324855;46.9678443
0.3898671950127159;0.22963293849599514;0.40010764492882933;47.0677565
0.39034261411912996;0.23054832852180387;0.4000666383671613;47.1744123
0.39083200746070107;0.23150372042429015;0.400074004073351;47.2692869
0.39123877923486977;0.2323430965194301;0.40009788568569116;47.368843
0.39165873881033586;0.23323250120574066;0.4000997254747681;47.4683217
0.3920661998383882;0.2340134700572183;0.4000365254107626;47.5684213
0.39243479923124824;0.23477476501786237;0.40009584310343094;47.6696903
0.39281208521020583;0.23549374000478948;0.40002659149243813;47.7699248
0.39315046233819445;0.23619478956976517;0.40008098493846644;47.8692358
0.3934718946554241;0.23682428585681833;0.4000512439305268;47.9695087
0.39380433845868956;0.23746210871968185;0.400060515618493;48.0697329
0.3941078991958953;0.2380284929968223;0.40011984589629984;48.1720768
0.3943762442539707;0.23860207220843282;0.4000874912419625;48.2704171
0.3946886173417183;0.23915237786024593;0.4000263755190558;48.3721518
0.394904083620753;0.2396600480352613;0.4000530154099747;48.4707497
0.3951538051284147;0.2401826226220411;0.40005559151123526;48.5710374
0.3953901931593978;0.24061857054539876;0.4000383069020655;48.6712491
0.39562999693006323;0.2410733763221433;0.4000303537334276;48.7729971
0.3958340613890126;0.2414739259035052;0.40002348254421705;48.8775722
0.3960491466269208;0.2418809581282505;0.4000223009318609;48.9722271
0.3962244000185618;0.24224758212851916;0.40003144624033266;49.0743706
0.3963909175206109;0.2426562701262899;0.4000431566331007;49.1925354
0.39655797791477304;0.24297701142966677;0.4000538398912624;49.2800202
0.39673829615792133;0.24332166117860246;0.4000593288022566;49.3743103
0.3968910864980584;0.24362966131167602;0.4000473957753419;49.4731294
0.3970176706111571;0.2439764955993631;0.4000602384878461;49.5753839
0.39715235508058294;0.24426001156900407;0.40004427812738375;49.6732981
0.3972954257137531;0.2445397189352762;0.4000245575457708;49.7842028
0.39743454923717425;0.2447954097078831;0.40001748979349294;49.8780892
0.397571640287444;0.24503992876602176;0.4000188328257112;49.9779643
0.3976695445751515;0.2453077347156888;0.40001139143159437;50.0749358
0.39776718218326823;0.24550693473049182;0.4000425603102351;50.1748433
0.3978857314735747;0.24570310074959426;0.40003865060660015;50.3272659
0.39798318882175976;0.2459409666290173;0.400023451648641;50.374534
0.39807145924826576;0.24613740523131583;0.40003939649275067;50.4749838
0.3981704436628152;0.24630997005917077;0.400018613548639;50.5760454
0.3982266915293813;0.24647614826601472;0.40008524486714053;50.6755375
0.398318070180373;0.24666389429825047;0.40003051045405325;50.7756089
0.3984077679906288;0.24680854436967134;0.4000271145562466;50.8764229
0.3984462552504809;0.24695612770945172;0.40008545148693087;50.976394
0.3985580091513126;0.2471185194302803;0.4000079586788931;51.0762472
0.3986220937281035;0.24725658343294907;0.3999987336561542;51.1763354
0.39866596666392934;0.24739588118980435;0.4000343876654107;51.2783856
0.3987265200264512;0.2475234692141502;0.4000462215785949;51.3770405
0.39880766407336765;0.24763617776300909;0.40001071037304103;51.4801432
0.3988373201825208;0.2477530502056523;0.40004009365549675;51.5783669
0.398899480671425;0.24786131606178322;0.40004410148961245;51.678398
0.398968460923208;0.2479661879994146;0.4000251244235425;51.7801177
0.3990073203471137;0.2480854976936541;0.40001475383319984;51.8783693
0.39904800813503893;0.24814895754805735;0.40005487663151057;51.9781977
0.3990830225012594;0.24822337765350147;0.40008130982013085;52.078593
0.3991408945840153;0.24833696589574297;0.4000251886215729;52.1788078
0.39918939473322196;0.24841051471538397;0.4000091729210996;52.2808001
0.3992251585470623;0.2484924427341489;0.4000189136013157;52.3791325
0.39926222145944146;0.2485485406300686;0.4000410532672592;52.4807309
0.3993113749774265;0.24862991811208807;0.399982145351374;52.5920325
0.3993286156443725;0.24869107224081718;0.40002040106631215;52.6816597
0.3993667037913257;0.24878491209862902;0.39997499996451435;52.785102
0.39938455839567333;0.24883102629737636;0.4000217363094827;52.8832731
0.399431061201844;0.24889541580952187;0.3999769583037784;52.9809503
0.3994328707407728;0.24893681366713885;0.40002392949899085;53.0819295
0.39947276978066465;0.24898469882618657;0.4000074776283751;53.1816631
0.3994982518065242;0.24903334532753332;0.40000698023877956;53.2831136
0.3995110486476997;0.24908571651058956;0.4000261366768084;53.3813042
0.3995388493508596;0.24914847784724395;0.39998696659667493;53.5066578
0.3995766836872504;0.24919394824235946;0.399945240126876;53.5930131
0.39958723017537856;0.2492223684505872;0.39999477422461777;53.6928959
0.3996104764833434;0.2492626930686288;0.39997039049626043;53.8333243
0.3996333435653963;0.24928604133652246;0.3999926535386175;53.8940419
0.39964634036810387;0.24932727377818723;0.4000000046418221;53.9896051
0.3996686960892324;0.24936085458572743;0.39998509747081906;54.084081
0.39968595931897954;0.24940163697224593;0.3999725881937366;54.1826298
0.3996942181442122;0.24942211975960402;0.40000172505729636;54.2831268
0.39971220585821304;0.24944213511731936;0.4000096969276782;54.383054
0.3997374817695524;0.24947702203083888;0.39998254823682144;54.4839023
0.39973062675101445;0.2495105508072797;0.3999908389172976;54.5842737
0.3997523653865472;0.24951910957492981;0.39999312241583806;54.6853987
0.3997641659822081;0.24954636093109037;0.3999972527784597;54.7839976
0.3997733257948749;0.24956754767230913;0.4000059171713769;54.8865944
0.3997973003597023;0.24959476998676375;0.3999680653869181;54.9887199
0.3997967352060132;0.24960825253758862;0.399985554501856;55.0848491
0.39979881123241984;0.24962629271903666;0.40000515208531046;55.1861246
0.39982712229057715;0.24965087650760726;0.399972320166423;55.2847726
0.39982818100439405;0.24966927271753783;0.3999829798813818;55.3894803
0.39983954765327545;0.24967322331621072;0.3999804470644168;55.4853315
0.3998362650483207;0.24970286134404257;0.39999736535335695;55.5858461
0.3998385875654162;0.24972175386705453;0.4000005139999917;55.6861242
0.3998557848045547;0.24973148132898973;0.3999836212612926;55.7890951
0.3998666175575511;0.2497410586302177;0.39998112201929725;55.89265
0.3998607617655612;0.24975720788721745;0.40000855795304935;55.9901715
0.3998719190827287;0.24975658776766171;0.4000008747192925;56.0867549
0.3998905045578753;0.24976436112910386;0.3999780949002977;56.1875947
0.3998916881497697;0.2497650958042585;0.4000130803825835;56.2880951
0.39988987960525607;0.2497832153483321;0.4000053089320878;56.3872254
0.3999094279018609;0.24977460173415303;0.4000094733737924;56.4874133
0.39990714464110055;0.24979222342397503;0.40001341622508224;56.588233
0.39991120207864367;0.2498118781596464;0.4000011034755021;56.6893303
0.3999130072128283;0.24984275822316046;0.39997998990975336;56.7888513
0.3999141064498563;0.24986015448495708;0.3999822180366804;56.8886205
0.39991311946103525;0.24986068374737086;0.39999462984219947;56.9883548
0.39992580086606344;0.24985425520629634;0.3999921674092189;57.0889173
0.3999407391361207;0.2498648477738631;0.39996873800836735;57.1889443
0.39994490357408696;0.24985735922024194;0.3999841903350018;57.2893214
0.39993908693346825;0.24986876609305136;0.4000025575855378;57.3892323
0.3999667923947649;0.24987363517643926;0.3999546208911748;57.4912069
0.39992050829981823;0.24907470761484016;0.3999666886791798;57.5905295
0.3999452896061336;0.24498932436796653;0.3999148420999967;57.6910171
0.399936466464938;0.23828508321553193;0.3999283814252579;57.7903153
0.3999382658266494;0.22797010301691817;0.3999018111806598;57.8942575
0.3999062078012881;0.2156029439995424;0.4000266374390528;57.9911928
0.3999116374964488;0.2016511626966763;0.3999318258668201;58.1117644
0.3999506191274183;0.18878274079106405;0.39987475518234383;58.1933185
0.39994914820523664;0.17504192606958963;0.3999443810169649;58.2918228
0.3999447598635427;0.16256787841370218;0.3999958244316259;58.4035563
0.4000067027929916;0.14913471213362417;0.39987601184972854;58.4954137
0.3999321537684404;0.13697928186218383;0.40002179857116194;58.5958697
0.3999426345300684;0.1239698642291098;0.39997917610577444;58.6920556
0.39992650699952853;0.11204550854028265;0.4000027812677141;58.7936532
0.39999006242444024;0.09936812664334772;0.39992480392030477;58.8944918
0.39994506626491616;0.08785802740497835;0.400042710538699;58.9928834
0.3994238947611029;0.07614465649934862;0.3993834905115905;59.0937115
0.3973004595258867;0.06711099583668477;0.3972929933011038;59.2148248
0.39268343326064137;0.0592176630197303;0.3942308278117834;59.2936498
0.3854311072090004;0.053165323923149654;0.391193813098042;59.3937026
0.3762480523974965;0.049048947288873136;0.38899111915233836;59.4939311
0.3635946271547542;0.04523668794822501;0.3875064081521075;59.5942654
0.3503241764537268;0.04064541561569854;0.3875954721112456;59.6951745
0.3367618765021828;0.03316336859783701;0.38870789067755646;59.794303
0.325951675813278;0.02397387721971272;0.3904901214712328;59.8956824
0.31642787428495106;0.011995650130847827;0.3931392815223191;59.9949832
0.31006412802815964;-0.0004320903653785081;0.39640100625758395;60.0948602
0.30522907112404407;-0.013615698982395036;0.40020004905390233;60.1965544
0.30139329751074556;-0.023319217094250826;0.4024814127011938;60.2955174
0.2977321698129596;-0.031235687990372647;0.4032110675367255;60.3955561
0.29548814801503215;-0.03727103498263446;0.40333486336017055;60.4959903
0.2960430942785701;-0.044914385128784;0.4031605245561604;60.5969318
0.2993243957970751;-0.052816953192459194;0.403155797555252;60.6969825
0.30408676703221904;-0.061442446928729015;0.4029686745068986;60.7965375
0.3084120835126979;-0.06916377852808123;0.40269806398030816;60.8971738
0.3128409239538314;-0.07720759475879693;0.40255493265389325;60.9970695
0.3170513980286797;-0.08494135208682993;0.4024187182225104;61.0976991
0.3207302163258453;-0.09183426623474808;0.40237094103825044;61.1975082
0.32458798877498873;-0.09901544212046134;0.40227891685117917;61.2977029
0.32795989966568956;-0.10540395810747995;0.4022058840697102;61.3983078
0.3314935883321177;-0.11213675713614377;0.40206560325658564;61.4982332
0.3345513078868211;-0.11803574994475277;0.4019880359055097;61.598493
0.33776183145919825;-0.12416681636254487;0.4018670079633395;61.6992701
0.34058133591486744;-0.12965370979693064;0.40172385630740226;61.7999197
0.34345530519137163;-0.13530590562970898;0.4017265706260504;61.899402
0.34603475046076604;-0.14033436328774812;0.40165567249779344;62.0001809
0.3486889864042574;-0.14553500043801135;0.40152959813237504;62.1032493
0.35099878066957374;-0.1501284977809236;0.40147217327835993;62.2070129
0.35342486418436253;-0.15495769277113847;0.40132170043706555;62.3001957
0.3555375531260346;-0.15916966972220686;0.40133055189072947;62.4005014
0.3577384662940665;-0.16352503829070622;0.4012670843806224;62.5012487
0.3596624752289994;-0.1674030311913574;0.40117324769095064;62.6012743
0.36164877985958543;-0.17140078732391362;0.4011488042963607;62.7021644
0.3635449865952023;-0.1751748616270985;0.4011224249562248;62.8020899
0.36521618247269083;-0.17857879147051609;0.4009832573522872;62.9032166
0.36692878553902364;-0.18205096083487127;0.4009626253659931;63.0022272
0.3684337825747957;-0.18509678950645006;0.4009216419419888;63.1037009
0.36997443218799264;-0.1882568340439254;0.40089329269022084;63.205451
0.37133661035004734;-0.19105984893317535;0.40089840588567877;63.3087881
0.37277332955073517;-0.19397165477953643;0.4007838092480387;63.4029215
0.3740163032664262;-0.1964951527129266;0.4008361830320939;63.5102408
0.3753086529835011;-0.1991302203465941;0.40075020541527284;63.6035807
0.3764409820993877;-0.20145556886094942;0.40070513334999086;63.7033935
0.37760012004803023;-0.2038540486464038;0.40065118549819667;63.8036379
0.37861925552870396;-0.2059310160992756;0.40066196080464495;63.9039369
0.37969314252890296;-0.20808486354489986;0.40058236211619236;64.0040069
0.38062185717811764;-0.20999509219662513;0.4005496296162325;64.1059544
0.3815695480650713;-0.21193977688147225;0.4005785146597917;64.2044196
0.38242271559221386;-0.2136973564108743;0.4005028645374687;64.3092275
0.3832870865406754;-0.21550165724711134;0.4004794739355006;64.4091817
0.38413187880704397;-0.21719242594331115;0.4004346465748015;64.5050928
0.3848554635457325;-0.21867635021126736;0.400429097847723;64.6057885
0.38558337532838627;-0.220244519087546;0.4004351600908492;64.7059732
0.38626099426268756;-0.22156148229971706;0.4004129342987155;64.805992
0.3869464668933406;-0.22293743991048842;0.40039436779313237;64.9099413
0.38754534747029307;-0.224172528159889;0.40039618861798554;65.0063273
0.38816547141169033;-0.22543092115500613;0.40036722177331435;65.1082002
0.3887211009809902;-0.22651559956684497;0.40036452155752167;65.2078001
0.38928170556941616;-0.22768949914156775;0.4003284056444485;65.3086522
0.3897500879356663;-0.2287138019892123;0.4003664632830688;65.4098737
0.3902901647158479;-0.2297727659431141;0.4002811819516186;65.508965
0.3907308618765606;-0.23070814665179215;0.40024733150300273;65.608733
0.3911656307507267;-0.23066837863817205;0.4002103516023094;65.7087373
0.3915716532136863;-0.22776645737546614;0.40021469219734873;65.8082378
0.39207427029049113;-0.22137375948017918;0.4001104691006203;65.9089451
0.392499525814385;-0.21256335402555668;0.4000753212915076;66.0095086
0.392842832821529;-0.19997291149678387;0.40018785272992746;66.1086962
0.3932135857391162;-0.1872225770982228;0.40003858715138685;66.209422
0.3935078230349723;-0.1734868954458648;0.40025849554566384;66.3102105
0.3938443589779371;-0.1599775182917954;0.4002203255116024;66.4091987
0.39411990558872695;-0.14764115026642355;0.4002638713473678;66.5104817
0.39441343714284993;-0.1344776945939406;0.4002206350911198;66.6095627
0.394644746319337;-0.12253759903781677;0.40017182064643686;66.7103238
0.39491884472272254;-0.10976206037197946;0.400130453895899;66.8102802
0.39513166723932414;-0.09807372820382318;0.40020692770600996;66.9156298
0.3953885333054106;-0.08566104273891822;0.4001184287431989;67.0133873
0.39489940541256696;-0.07476421222118532;0.4001905458027137;67.1110449
0.39181534032554316;-0.06479486657396856;0.4002412797493031;67.2113529
0.38666267407309807;-0.057285264869505144;0.4003360386271808;67.3122297
0.378474912336684;-0.05089462640681683;0.4003398708389939;67.4139836
0.368381048236641;-0.0463325850198348;0.4003565655726007;67.5121621
0.3548232193235899;-0.04123851509739045;0.4003770791532958;67.615244
0.3419636326237507;-0.03486351976328826;0.40039466354907716;67.7183624
0.3296564354957283;-0.0254812069358322;0.40030160095651124;67.8166233
0.3202635244968722;-0.014654946890484152;0.40022892119194226;67.9239773
0.3125955769013576;-0.0011798080559022991;0.40021142245117347;68.0200459
0.3078948683403947;0.013603694409673666;0.40012664778697754;68.1189646
0.30614180180351497;0.027845834894168597;0.39965198639518085;68.2133827
0.3059125197347976;0.04232260538012998;0.3984684593075262;68.3139165
0.3054000870611939;0.0529355145551548;0.397633010902832;68.4141371
0.3055659408485402;0.062143615667991224;0.3970127825458237;68.5189724
0.308527599339177;0.07004856873974726;0.3969483480527232;68.640973
0.31286821962351774;0.07817776470235986;0.39704882760021104;68.714886
0.31676089993441464;0.08532862603082371;0.3971559673869911;68.8153326
0.3208116925371308;0.0927774755447455;0.39720217801057844;68.9153235
0.32436418159636315;0.09939775901188681;0.3973272934241151;69.015682
0.32802232658877506;0.10629097367147058;0.39746055340239594;69.1161836
0.33127130347493844;0.112431448086204;0.3975570264101023;69.2166077
0.33462545273288175;0.11881517349945139;0.3977332496772177;69.3166183
0.3375777054230126;0.12448562573129576;0.3978312843970449;69.4171892
0.3406213370572523;0.1303670582164463;0.3979855420741928;69.5175268
0.34354307890630886;0.13604221938164054;0.39805600480385367;69.6177793
0.3460655868437714;0.1410214411380087;0.3981872129701114;69.7178924
0.34873067633131094;0.14623629691952894;0.3982417208837652;69.8300157
0.35109397944175835;0.15079476751354196;0.3983651475919407;69.9668456
0.3535749884743855;0.15563631313305773;0.3984203886613816;70.0810326
0.35572539521257335;0.1599199968687579;0.39850130900443514;70.1411681
0.3579344928686893;0.16432371462819442;0.39858206236941796;70.242635
0.35985724065629965;0.1682281746827499;0.3986097224926698;70.3183835
0.3618563108172582;0.17215266896759387;0.39864887866179793;70.4289306
0.36357119118039544;0.17566356629916477;0.3987992457869425;70.5323595
0.3654069872566128;0.1793255362369873;0.39879843940514004;70.6198126
0.3670068639733307;0.18247824349335764;0.3988454176523522;70.7247297
0.36862900928117864;0.18576012397379418;0.39890867580939104;70.8235958
0.3700316218199372;0.1886998532067021;0.39904786101043505;70.9195615
0.37154771231399836;0.1916877476632543;0.3990226308753046;71.0197309
0.3728442422821074;0.19433150193896145;0.39902983662018254;71.1200289
0.37418031586991696;0.19702754585423213;0.39914516338784445;71.2200475
0.3753571299639141;0.19942464897581666;0.39916459902298795;71.320244
0.3765778241024155;0.2019162571049802;0.39918240283461515;71.4208423
0.3776330846890931;0.20411206321543537;0.39923722206747886;71.5252543
0.3787497242102073;0.20639089314854994;0.39925501982116945;71.6257604
0.3798075758778684;0.20854627193820577;0.39928828517681103;71.7209836
0.38074795667171396;0.2104049578113541;0.399290837634938;71.8214295
0.3816828925675017;0.21236032144827485;0.39936740499053675;71.9214008
0.3825389885233183;0.2140613532953083;0.3993643071985339;72.022529
0.3833906961109831;0.21582798947362036;0.3994381367489929;72.1223288
0.384142619934956;0.2174149670658952;0.3994344405588133;72.2221244
0.38491876885061216;0.21900424272410013;0.3995097976687165;72.3296363
0.38562020865411795;0.2204177193708318;0.3995052568490064;72.4239598
0.38632490009670123;0.22189195068239567;0.3995261529475749;72.5249943
0.38693860092253457;0.2231641196323669;0.39959256933481396;72.6353287
0.3876227952919095;0.22449787478291297;0.3995193620639826;72.7292285
0.3882000139954546;0.22565575334215932;0.39952880152225373;72.8239128
0.3887286429921061;0.2268535360155484;0.3996715690415848;72.9229309
0.3892942694281284;0.22791034943874072;0.39958667578572477;73.0242801
0.38979457385771893;0.22899531751567972;0.39968099910879956;73.1238131
0.3903015092374271;0.22998008060396458;0.39961628531100807;73.2250009
0.3907780191674815;0.2309419919097152;0.39963645525322744;73.3244346
0.3911791879440347;0.23182029087385578;0.39968170249413026;73.4248393
0.39158684928467546;0.2327232951396608;0.399772013778098;73.524666
0.39202896592216585;0.23360537152800612;0.39971653148474784;73.6255138
0.3923870596184519;0.23430496930696632;0.3997913572302773;73.7250858
0.392770817087339;0.2351175116440024;0.39975218107935706;73.8251396
0.39310414746096034;0.23577177495928525;0.3997625185964535;73.9260327
0.393461014437515;0.2364790501285071;0.39974922606826474;74.0273105
0.39375796640298144;0.23706721898702254;0.39979188654994036;74.1277292
0.39405028676543224;0.23772484888801518;0.3998220945922159;74.230341
0.39435360688143856;0.2382415227791988;0.39984010281580334;74.3263886
0.39464130368642664;0.23883210236998467;0.39979429793665633;74.4262131
0.3949020129296507;0.23931701751497192;0.3997923445240747;74.5263879
0.3951496241061627;0.23983374139558572;0.39985451135451383;74.6271245
0.3953783029548007;0.24030288477659045;0.39982654103869947;74.7297736
0.39558680728805046;0.24078849933428897;0.3998706797536341;74.827333
0.39580147372759455;0.24123276654298706;0.3998293761605676;74.9274098
0.3960158864673421;0.24161784223055655;0.3998781045686586;75.0274386
0.3962038792622638;0.24200631685950955;0.3998506161543336;75.1281511
0.39640148019411814;0.24241370162423354;0.3998357237473051;75.2280811
0.3965544397007257;0.24278373989269825;0.39988831311916456;75.3315634
0.39669946572459414;0.24310175449237378;0.3999336712853134;75.4300196
0.39688215034692187;0.24345937422665756;0.39990952580115546;75.5300832
0.39706058090700447;0.24373100901141273;0.3998601037182788;75.6293882
0.3971866926248403;0.24405708368408424;0.3998885793331861;75.7312182
0.397275465781436;0.2443608225489091;0.39991661931698996;75.8326429
0.39740990941195503;0.24465619206092334;0.3999049217107764;75.9340476
0.3975260660260158;0.24490478212084854;0.3999105304921466;76.029916
0.3976593552893549;0.2451338596714454;0.3999080079025711;76.1314902
0.39772586951831085;0.24533670296140325;0.40001405825652553;76.2303075
0.39785308193301944;0.24556260691746146;0.3999890867373355;76.3328563
0.3979857908367006;0.24575342722961566;0.3999284542247898;76.4319683
0.398084389671249;0.24601109147316816;0.39987855878379136;76.5312259
0.3981098132052834;0.24621000968057535;0.3999780860432847;76.6329351
0.39820310526654523;0.24639363068647607;0.3999697831580444;76.7352172
0.398302235178458;0.2465308945849855;0.39996955255771094;76.8326029
0.39840169626105487;0.24669164731949744;0.3999750548817061;76.9335406
0.398447124674377;0.24686837993955688;0.39999062846342937;77.0318673
0.3985585508005654;0.24699208363473033;0.39996491417001173;77.1338961
0.3985921872304515;0.24716960184446343;0.39996764795942397;77.2378923
0.3986925543203574;0.24728310469450507;0.3999324701197201;77.3347976
0.3987320074764953;0.24742755164618263;0.39998421239766063;77.439084
0.39880801397610405;0.24753953151746638;0.3999566470614275;77.532999
0.39882469233804657;0.2476840384365452;0.40000559331353225;77.6332376
0.39889481708449764;0.24777200146872033;0.4000046545669253;77.7345565
0.3989551754784846;0.24790043499658168;0.39996343517086475;77.8336181
0.39898936012496955;0.24796159164632264;0.40002117221790007;77.93413
0.39905482758151084;0.24809123611692613;0.3999726124414541;78.0342646
0.3990923036658779;0.24822559857702253;0.399928433318536;78.1350613
0.3991128510643948;0.24829391136871523;0.400021858370176;78.235098
0.39914450129932555;0.24838060830691217;0.39999989456899177;78.3361409
0.3991985815632669;0.2484399187357096;0.4000102847644483;78.4353778
0.3992422050554807;0.24853147446678553;0.3999930715040065;78.5700834
0.39929657424888126;0.24859703320726448;0.39996127179920876;78.636283
0.39934824838323163;0.24867509882558633;0.3999079471056851;78.7362469
0.39935896209247956;0.24872799656836972;0.3999593818086744;78.8365104
0.39939835465037443;0.24879009144344194;0.3999606974934334;78.9365841
0.39943470966530226;0.2488391866514286;0.39995646075574753;79.03838
0.39946986389415834;0.24889129910070693;0.39993508776595116;79.1371905
0.39945839183358106;0.24894784582541596;0.4000063067726555;79.2372289
0.399464984413474;0.24902027796960702;0.4000209557343919;79.3380446
0.39952586522532857;0.24904270541207105;0.3999768271622698;79.4388577
0.39955313984479307;0.24909374383281924;0.3999633316407752;79.5387964
0.3995911461478692;0.24913230186625648;0.3999346747776735;79.6381335
0.39958479678515235;0.24919171638763676;0.39997560746265703;79.7381517
0.3996144371853336;0.24921399604031685;0.3999771818172958;79.8389248
0.3996316496072635;0.24927008354397998;0.39996075475444176;79.9389406
0.399664750516127;0.24928558696921035;0.39995950533810065;80.0384216
0.39967773009223734;0.24931467229973106;0.3999763064355804;80.1388698
0.3997011060050479;0.2493459651203877;0.3999449557992955;80.2392642
0.39969369854500236;0.24939689834029655;0.3999706084223473;80.3408637
0.3997029096395957;0.2494403519421111;0.3999791622772325;80.4403677
0.3997378936217589;0.24945248519984406;0.39995959976920464;80.5398471
0.39972064086168013;0.24950492259521978;0.3999869994258432;80.6453619
0.3997499275298992;0.24951612992364008;0.3999710822048185;80.745095
0.39971679601069016;0.24870962916980063;0.4000098612645644;80.8568257
0.39973592771107413;0.2446356386897184;0.3999958610258116;80.9497068
0.3997644920379251;0.2379774891713606;0.3999419746420734;81.0421919
0.39983032515797196;0.227717172142495;0.39980534223953235;81.1520401
0.3997551958770306;0.21424940455809702;0.40001302463949967;81.2413216
0.39977397254783176;0.20135717323020674;0.39996883849295617;81.341586
0.39985366256004373;0.18748536101766963;0.39988508238948745;81.442264
0.3998471166578094;0.17478504177454265;0.3999468509243242;81.5982498
0.39984869376760424;0.16118753402815783;0.39996934364792364;81.6726539
0.3998853621572773;0.1488085767575384;0.3999132936938149;81.7419164
0.39983274447694117;0.13565817474891606;0.39997716340559275;81.8748164
0.3998580324650613;0.12359339273301048;0.39995260719933257;81.9517914
0.3998501968577916;0.11068882870092074;0.4000049508824933;82.0540566
0.3999014516392807;0.09901015236917536;0.3999324935737102;82.1508737
0.39985761482687576;0.08659634992883762;0.4000086893827563;82.2427945
0.399070479852946;0.07581387952415164;0.3997046324850208;82.3443091
0.3957823255372822;0.06621908492377393;0.39884938390414615;82.4439489
0.39050515377633477;0.059038423139908064;0.39800339451127364;82.5448233
0.3822482228680519;0.05306954566103562;0.397178784720181;82.6443667
0.37217157871323564;0.04910762318183352;0.396708785504542;82.7444796
0.3584842512938105;0.04494907366370942;0.39654620136045465;82.8449036
0.34515951891994384;0.0395589077451796;0.3968078831300823;82.9442383
0.33218982510927014;0.031067224362695465;0.39728563924564786;83.0441875
0.32134038676672483;0.020056056947385475;0.39791476189386876;83.1453476
0.313607687763618;0.008041609653164243;0.39852092987871;83.2454061
0.30787188465556636;-0.006355991386681678;0.39964884653145927;83.349927
0.30451194455704644;-0.01945002753757646;0.40061139894982567;83.4491117
0.30125322676797217;-0.030576673658872254;0.4012611696559723;83.5452088
0.2984027048123657;-0.037871506656473056;0.401744287379444;83.6458649
0.29630723451730095;-0.04422177787003466;0.4022500681388541;83.7453537
0.2970632981836226;-0.05110368236083412;0.4022951524855988;83.8479518
0.30081080422771683;-0.05946359936305894;0.40235045304260086;83.946198
0.3051647844029268;-0.06721207616054525;0.4022590392664167;84.0488897
0.30975801526363816;-0.07534899227457918;0.4021007628566736;84.1496946
0.3137485290284273;-0.08252303748223823;0.4020854415235981;84.2709625
0.3180684495974537;-0.09033218932278271;0.40196400420888706;84.351442
0.3218027258839091;-0.09711734788412907;0.4017284662275139;84.4497349
0.3256215977327728;-0.10414279138472546;0.4016115599665399;84.5496175
0.328958296640111;-0.11037647113582721;0.4015326818669191;84.6472297
0.3324304911716764;-0.11682009453636973;0.40146948489113043;84.7472014
0.33549451840281264;-0.12259314809497134;0.4014182419988683;84.8521329
0.3386608890258123;-0.12859140119836948;0.4013652200333471;84.9482298
0.3414163898723546;-0.13386360465725716;0.40130733403446894;85.0480563
0.3442950079045491;-0.13937811227789368;0.40120605055580905;85.1516981
0.3470302996653867;-0.144627903675701;0.4011340047609679;85.2954239
0.34947355916851086;-0.1493633509579426;0.401160732298031;85.348854
0.3519719929060697;-0.15419061052123112;0.40110609110082995;85.4489411
0.3541492686198056;-0.15843388313051857;0.40106827052695;85.5491355
0.35642146956748477;-0.1628733018666535;0.4009413142883977;85.6515715
0.35837973626954284;-0.16674491523303514;0.40099988184722496;85.7499122
0.36048029089995154;-0.17079099456136307;0.4008571991576269;85.8500104
0.36225635394805794;-0.1743034361003259;0.40084000205860315;85.9526995
0.3641115903787005;-0.17795652961044087;0.400822046101947;86.0590396
0.36576607165159736;-0.18125803517150726;0.40078762069478185;86.1638981
0.3690790416452557;-0.1878256064525985;0.40071809190714597;86.4127252
0.3707173036429243;-0.19113884767825495;0.40066707320550954;86.4516527
0.3721079729964559;-0.19387032794046877;0.40060186134124864;86.590772
0.3735126325909224;-0.19666513703509186;0.40059070086188103;86.6559241
0.37471853102850766;-0.1990874372154773;0.40056235205410046;86.7639685
0.37598430867742005;-0.2015873409528115;0.40053996624859406;86.8539628
0.3770715988944811;-0.20381408546632485;0.4005257186707167;86.9519434
0.37821711027987015;-0.20606549783000466;0.40051258621595204;87.0520577
0.37928606687809063;-0.20824354297044465;0.400482703782285;87.1531677
0.3802458837637404;-0.21011769745815664;0.40046126558237227;87.2533439
0.38123523302158174;-0.2120600121115525;0.40045037328270355;87.3531391
0.382068607127375;-0.21379940074293455;0.40044074335409624;87.4530367
0.38297305481839783;-0.21556938650113064;0.40039893871196314;87.5543929
0.3837480056552986;-0.21714746724729714;0.40035122752570534;87.6554154
0.38454021871110994;-0.21878972501420382;0.4003263352519024;87.7546239
0.38524127010352927;-0.22017196758078494;0.4003636314933184;87.8533827
0.3859870952718812;-0.22067506485748148;0.40027149879135876;87.9539595
0.38665732327256985;-0.21822684994175828;0.40031213885448497;88.0541497
0.38739540723129195;-0.21233774570109507;0.4003381392620792;88.1542826
0.38801281122687603;-0.2040825714109826;0.40031284899804714;88.2559204
0.3886323965176644;-0.1920608793804218;0.40030423878016014;88.3553534
0.3891519003651275;-0.17930762693044466;0.4002909641087808;88.4550731
0.3897160450899623;-0.16576765491697112;0.40019637886464093;88.5563346
0.3901727543850859;-0.15333841922759442;0.400249600152546;88.6553735
0.3906784257515055;-0.14009592970322596;0.4002195287262382;88.7568887
0.39108415398887036;-0.1279799740360061;0.4002913408032067;88.855421
0.3915373543915967;-0.11512199874785124;0.40022292441761015;88.957068
0.39196945569893793;-0.102429499987208;0.4001662871398009;89.0597922
0.39233757517167145;-0.09091891561964209;0.4002093468458477;89.1569164
0.39271081939744795;-0.07856627987063831;0.40020128453955595;89.259234
0.3923058771400978;-0.06777908491964531;0.40020471455277756;89.3571049
0.38935096443769;-0.05783907972072081;0.4001258251721227;89.4633036
0.38418363680424833;-0.050284106626541106;0.4001683733095787;89.5718386
0.3758856417952292;-0.043702556190822986;0.40030714594175815;89.6580778
0.36562214674404503;-0.03875518140099376;0.4003084041381138;89.7577872
0.35225336731016454;-0.03259465981093173;0.4002631228727037;89.8581852
0.3402342245226139;-0.024759805686978432;0.40027366042849566;89.9587657
0.3292532504650237;-0.013862398117849404;0.4002045952086433;90.0585527
0.3214003386602952;-0.0019794522379609127;0.4000643858927254;90.2602553
0.309680888135924;0.025622735964300227;0.399834786582003;90.4467598
0.30443594979471705;0.040292407192105924;0.3997429249301383;90.4614196
0.30129351410596766;0.053361417056476214;0.39953574400543895;90.5667996
0.29873850477322383;0.0649812569912975;0.3994054158709472;90.661125
0.29895694677267426;0.07450946293189672;0.3993966652641993;90.7608186
0.301931861221482;0.08336972557618494;0.3994096232758804;90.8609984
0.30655062009525175;0.09092407263041787;0.3993592177582083;90.9614804
0.31068782521980204;0.09759332006277714;0.3993585750366459;91.0600262
0.3150160828642305;0.10456697497379479;0.3993532460121605;91.161291
0.3188211714962669;0.11077801600201995;0.39935716560725165;91.2617806
0.32275177168132096;0.11722610696579111;0.39942319305053625;91.3659443
0.3262281989790321;0.12293515640644624;0.39946969084032713;91.4728017
0.3298151181309912;0.1289231827008447;0.3995271748367049;91.5615471
0.3329770933551383;0.13418751022013425;0.3995271806828429;91.6619365
0.3362299351480504;0.13969112003070727;0.3995699785310528;91.7651026
0.339112030677702;0.1445277983803034;0.3996055689025659;91.8938239
0.3421330301694356;0.14958341632732222;0.39964595700331684;91.9623498
0.3447956365983536;0.1540533431517569;0.39960648263841114;92.0622961
0.3474762264650906;0.15862988622222532;0.3996706712406111;92.1720245
0.3499193399804822;0.1627409401580949;0.39965270559798105;92.2676527
0.3523698499239872;0.16702048958122126;0.3996977458775579;92.3651906
0.3545352363341878;0.1707244233273705;0.3997515566702918;92.4631801
0.3567680676690897;0.17455719519025953;0.3997624637741672;92.5650254
0.35876178108056733;0.1779648788823963;0.399719686475159;92.6643504
0.3607590201382639;0.18143227344125062;0.39980260369316406;92.7646875
0.3625848990447141;0.18454299156406573;0.3997495349445679;92.8635008
0.36442359097181415;0.1877424331342113;0.39979835918899614;92.9641292
0.36617052780895415;0.19079681445368035;0.3997939506052143;93.064247
0.367720050448461;0.19344441095640824;0.3997740365744094;93.1645985
0.36933803849766633;0.19620808172318657;0.3997563033736457;93.2748546
0.3707355265611314;0.19867160008574586;0.39976992285347634;93.3645728
0.3721631900209454;0.20120742099050581;0.3997976916760968;93.4672798
0.3734383169360755;0.2033890166527795;0.39986078845581935;93.5653846
0.3747128990599298;0.20572211496218695;0.39985439358945113;93.6665308
0.3758844090242772;0.20771311731252845;0.39986443289880935;93.7656471
0.37710540872549214;0.20980438276935395;0.3998046261572488;93.8655334
0.3781279444205981;0.2116433709331023;0.39983378484313337;93.9668112
0.379220018716959;0.21348908860572266;0.39985914265940964;94.0660792
0.38015277274341547;0.21518866144118595;0.39989151961823205;94.1664189
0.38113911592336164;0.21689056835375561;0.3998975362725891;94.2671307
0.3820005592723391;0.21840823958887862;0.3998868529397821;94.3664478
0.3829018988556163;0.21996760338956975;0.3998804859450735;94.4665317
0.3836748258346658;0.2213458049129184;0.3998822065722677;94.614608
0.38449417579404416;0.2227785984714434;0.39988680833033335;94.6676319
0.3852313679741905;0.22401048570046858;0.39989054899297444;94.7673649
0.38594901446348806;0.22529405804575472;0.39990208976460623;94.8675782
0.3865994255748586;0.22643438632040452;0.3998774562429331;94.9688808
0.38725361200930647;0.2275836702769771;0.3999250653362805;95.067633
0.3878817127537574;0.22869080340932213;0.3999192269487882;95.1676378
0.388442320684969;0.22965870970068458;0.3999372641346765;95.2727242
0.38902674795166287;0.23069092446067666;0.39991253267905247;95.3691734
0.38954163767572486;0.2315606807307187;0.3998960796567371;95.4700178
0.39006382112927357;0.2324824037375031;0.3998802045159258;95.5752183
0.39049673694870835;0.23327790835368178;0.39995077093124004;95.6713121
0.3909635524617712;0.23410310148530786;0.39995147460420916;95.7694145
0.39138144838410527;0.23486129333514774;0.39992001482628975;95.8748872
0.39181401183417947;0.23555369362995154;0.3999706756635903;95.9717418
0.39221394343157895;0.23623966791677123;0.3999262651578772;96.0784726
0.39259452687258517;0.23689865749890215;0.3999558145366867;96.1840463
0.3929452615573562;0.2375305283309686;0.3999395521293897;96.273434
0.39330120294422105;0.23811628631773427;0.39995583147499775;96.3750537
0.3936106073839564;0.2386779426803836;0.39997177258495487;96.5300806
0.39394332796955644;0.23926087018642087;0.3999700250557533;96.5702389
0.394230105905102;0.23973674317363172;0.39993883230055527;96.6712176
0.3944901927781979;0.24024304870509;0.39998887479506584;96.8630218
0.3947645799772142;0.24070898180545386;0.3999849019435017;96.8715115
0.3950346279438162;0.24114048626831425;0.3999978707510968;96.9722958
0.39526079371824274;0.241584234640609;0.399960221091662;97.0714521
0.3955201969812927;0.24196355787265436;0.39995801388845026;97.1730447
0.3957269848855927;0.24238890803253393;0.399952413068226;97.2720019
0.39592320626374183;0.24273535118069767;0.39995802488471194;97.3723733
0.39612024245484234;0.24309155271181382;0.3999662807602106;97.472886
0.3962847031049747;0.24339832315761376;0.4000039207644997;97.5864385
0.3964820505427795;0.24371894228664778;0.4000141004692169;97.6731549
0.3966299300055031;0.24401616702853968;0.40000904401297527;97.7732238
0.39681049004592195;0.2443169228144127;0.39997926532845035;97.8741245
0.39695678239003146;0.24456271863529142;0.39997813590749715;97.9736605
0.39712668196066253;0.2448130157147362;0.3999522018690807;98.0754381
0.3972427724055769;0.2450566228289627;0.3999839080382739;98.1734247
0.39736859575577343;0.245340315971231;0.3999621464423455;98.273443
0.3974839066015726;0.245520939769302;0.39999519347217605;98.3738474
0.3975853218278984;0.24574592101258827;0.40003051279324053;98.4746167
0.3976903689375852;0.24598099155596545;0.39999125255381646;98.5754294
0.3978020408078086;0.24616906386198217;0.4000047121481957;98.6747479
0.39790590606019616;0.24633125144257348;0.40000714835201906;98.7751752
0.39801631816736294;0.2465053702611504;0.39998974783958263;98.8760414
0.39806967952076394;0.2466842876371944;0.4000542859621762;98.9747647
0.39819668805050146;0.2468274581641588;0.4000073857394081;99.0750609
0.39827472967584576;0.24699289265700888;0.3999904090336532;99.2432408
0.3983543222791693;0.24715142102935866;0.3999983994684132;99.2756028
0.39842967835779725;0.24728309522548916;0.39999539767130005;99.4042004
0.3985094398026113;0.24742390661609726;0.39998709453296205;99.475867
0.39859445479958117;0.2475147445409725;0.40000332274212774;99.5795333
0.39861744939503263;0.24766986058512583;0.40004305249523253;99.6780187
0.3987237080616511;0.2477910488240961;0.3999527304978664;99.7768915
0.39878163754650453;0.24789368097884748;0.39997353162079896;99.881315
0.39885027124671646;0.24796874361660168;0.39998214662863874;99.976345
0.39889033285057995;0.24805112868604975;0.40002226335898894;100.0777007
0.3989397748668077;0.24821987086483374;0.3999622225401806;100.1811468
0.3990216367475342;0.2482921290467638;0.39989784403603695;100.2913396
